*3DSMAX_ASCIIEXPORT	108
*COMMENT " [Zengine ASC Exporter v1.08] AsciiExport Version  1,08 - Thu May 22 11:53:15 2003"
*SCENE {
	*SCENE_FILENAME "WasserWaldlaufer.max"
	*SCENE_FIRSTFRAME 0
	*SCENE_LASTFRAME 100
	*SCENE_FRAMESPEED 25
	*SCENE_TICKSPERFRAME 192
	*SCENE_BACKGROUND_STATIC 0.000000	0.000000	0.000000
	*SCENE_AMBIENT_STATIC 0.670588	0.670588	0.670588
}
*MATERIAL_LIST {
	*MATERIAL_COUNT 1
	*MATERIAL 0 {
		*MATERIAL_NAME "Material #500"
		*MATERIAL_CLASS "Multi/Sub-Object"
		*MATERIAL_AMBIENT 0.098039	0.098039	0.098039
		*MATERIAL_DIFFUSE 0.654902	0.611765	0.572549
		*MATERIAL_SPECULAR 0.900000	0.900000	0.900000
		*MATERIAL_SHINE 0.100000
		*MATERIAL_SHINESTRENGTH 0.000000
		*MATERIAL_TRANSPARENCY 0.000000
		*MATERIAL_WIRESIZE 1.000000
		*NUMSUBMTLS 2
		*SUBMATERIAL 0 {
			*MATERIAL_NAME "Material #500"
			*MATERIAL_CLASS "Standard"
			*MATERIAL_AMBIENT 0.098039	0.098039	0.098039
			*MATERIAL_DIFFUSE 0.654902	0.611765	0.572549
			*MATERIAL_SPECULAR 0.900000	0.900000	0.900000
			*MATERIAL_SHINE 0.100000
			*MATERIAL_SHINESTRENGTH 0.000000
			*MATERIAL_TRANSPARENCY 0.000000
			*MATERIAL_WIRESIZE 1.000000
			*MATERIAL_SHADING Blinn
			*MATERIAL_XP_FALLOFF 0.000000
			*MATERIAL_SELFILLUM 0.000000
			*MATERIAL_FALLOFF In
			*MATERIAL_XP_TYPE Filter
			*MAP_DIFFUSE {
				*MAP_NAME "Map #11"
				*MAP_CLASS "Bitmap"
				*MAP_SUBNO 1
				*MAP_AMOUNT 1.000000
				*BITMAP "Hum_Body_Naked_V0_C0.tga"
				*MAP_TYPE Screen
				*UVW_U_OFFSET 0.000000
				*UVW_V_OFFSET 0.000000
				*UVW_U_TILING 1.000000
				*UVW_V_TILING 1.000000
				*UVW_ANGLE 0.000000
				*UVW_BLUR 1.000000
				*UVW_BLUR_OFFSET 0.000000
				*UVW_NOUSE_AMT 1.000000
				*UVW_NOISE_SIZE 1.000000
				*UVW_NOISE_LEVEL 1
				*UVW_NOISE_PHASE 0.000000
				*BITMAP_FILTER Pyramidal
			}
		}
		*SUBMATERIAL 1 {
			*MATERIAL_NAME "Material #503"
			*MATERIAL_CLASS "Standard"
			*MATERIAL_AMBIENT 0.415686	0.415686	0.415686
			*MATERIAL_DIFFUSE 0.415686	0.415686	0.415686
			*MATERIAL_SPECULAR 0.900000	0.900000	0.900000
			*MATERIAL_SHINE 0.100000
			*MATERIAL_SHINESTRENGTH 0.000000
			*MATERIAL_TRANSPARENCY 0.000000
			*MATERIAL_WIRESIZE 1.000000
			*MATERIAL_SHADING Blinn
			*MATERIAL_XP_FALLOFF 0.000000
			*MATERIAL_SELFILLUM 0.000000
			*MATERIAL_FALLOFF In
			*MATERIAL_XP_TYPE Filter
			*MAP_DIFFUSE {
				*MAP_NAME "Map #12"
				*MAP_CLASS "Bitmap"
				*MAP_SUBNO 1
				*MAP_AMOUNT 1.000000
				*BITMAP "Wasserwaldie.tga"
				*MAP_TYPE Screen
				*UVW_U_OFFSET 0.000000
				*UVW_V_OFFSET 0.000000
				*UVW_U_TILING 1.000000
				*UVW_V_TILING 1.000000
				*UVW_ANGLE 0.000000
				*UVW_BLUR 1.000000
				*UVW_BLUR_OFFSET 0.000000
				*UVW_NOUSE_AMT 1.000000
				*UVW_NOISE_SIZE 1.000000
				*UVW_NOISE_LEVEL 1
				*UVW_NOISE_PHASE 0.000000
				*BITMAP_FILTER Pyramidal
			}
		}
	}
}
*GEOMOBJECT {
	*NODE_NAME "Bip01"
	*NODE_TM {
		*NODE_NAME "Bip01"
		*TM_ROW0 0.024624	-0.993774	0.108663
		*TM_ROW1 0.999693	0.024771	-0.000000
		*TM_ROW2 -0.002692	0.108630	0.994079
		*TM_ROW3 0.143950	6.202450	100.713142
		*TM_POS 0.143950	6.202450	100.713142
		*TM_ROTAXIS 0.054328	0.055691	0.996969
		*TM_ROTANGLE 1.549058
		*TM_SCALE 1.000000	1.000000	1.000000
		*TM_SCALEAXIS 0.000000	-0.950111	0.311912
		*TM_SCALEAXISANG 0.065194
	}
	*WIREFRAME_COLOR 0.650980	0.792157	0.941177
}
*GEOMOBJECT {
	*NODE_NAME "Bip01 Footsteps"
	*NODE_PARENT "Bip01"
	*NODE_TM {
		*NODE_NAME "Bip01 Footsteps"
		*TM_ROW0 1.000000	0.000000	0.000000
		*TM_ROW1 0.000000	1.000000	0.000000
		*TM_ROW2 0.000000	0.000000	1.000000
		*TM_ROW3 0.143950	6.202450	-0.143477
		*TM_POS 0.143950	6.202450	-0.143477
		*TM_ROTAXIS 0.000000	0.000000	0.000000
		*TM_ROTANGLE 0.000000
		*TM_SCALE 1.000000	1.000000	1.000000
		*TM_SCALEAXIS 0.000000	0.000000	0.000000
		*TM_SCALEAXISANG 0.000000
	}
	*WIREFRAME_COLOR 0.650980	0.792157	0.941177
}
*GEOMOBJECT {
	*NODE_NAME "Bip01 Pelvis"
	*NODE_PARENT "Bip01"
	*NODE_TM {
		*NODE_NAME "Bip01 Pelvis"
		*TM_ROW0 -0.022491	0.108118	0.993884
		*TM_ROW1 0.024625	-0.993774	0.108663
		*TM_ROW2 0.999444	0.026919	0.019688
		*TM_ROW3 -0.138178	7.771977	100.540863
		*TM_POS -0.138178	7.771977	100.540863
		*TM_ROTAXIS -0.698797	-0.047531	-0.713740
		*TM_ROTANGLE 3.083070
		*TM_SCALE 1.000000	1.000000	1.000000
		*TM_SCALEAXIS 0.341993	0.584377	-0.735897
		*TM_SCALEAXISANG 0.029271
	}
	*WIREFRAME_COLOR 0.878431	0.776471	0.341176
}
*GEOMOBJECT {
	*NODE_NAME "Bip01 Spine"
	*NODE_PARENT "Bip01 Pelvis"
	*NODE_TM {
		*NODE_NAME "Bip01 Spine"
		*TM_ROW0 0.010153	-0.006162	0.999930
		*TM_ROW1 0.019719	-0.999785	-0.006361
		*TM_ROW2 0.999754	0.019782	-0.010029
		*TM_ROW3 -0.146796	8.121355	102.918182
		*TM_POS -0.146796	8.121355	102.918182
		*TM_ROTAXIS -0.710658	-0.004769	-0.703522
		*TM_ROTANGLE 3.159987
		*TM_SCALE 1.000000	1.000000	1.000000
		*TM_SCALEAXIS -0.238990	0.121226	0.963425
		*TM_SCALEAXISANG 0.056650
	}
	*WIREFRAME_COLOR 0.031373	0.431373	0.525490
}
*GEOMOBJECT {
	*NODE_NAME "Bip01 Spine1"
	*NODE_PARENT "Bip01 Spine"
	*NODE_TM {
		*NODE_NAME "Bip01 Spine1"
		*TM_ROW0 0.011512	-0.001294	0.999933
		*TM_ROW1 0.019101	-0.999816	-0.001514
		*TM_ROW2 0.999751	0.019117	-0.011485
		*TM_ROW3 -0.047219	8.070982	112.744705
		*TM_POS -0.047219	8.070982	112.744705
		*TM_ROTAXIS -0.711147	-0.006260	-0.703016
		*TM_ROTANGLE 3.156099
		*TM_SCALE 1.000000	1.000000	1.000000
		*TM_SCALEAXIS -0.564246	0.825607	0.000001
		*TM_SCALEAXISANG 0.017867
	}
	*WIREFRAME_COLOR 0.031373	0.431373	0.525490
}
*GEOMOBJECT {
	*NODE_NAME "Bip01 Spine2"
	*NODE_PARENT "Bip01 Spine1"
	*NODE_TM {
		*NODE_NAME "Bip01 Spine2"
		*TM_ROW0 0.011255	0.156123	0.987674
		*TM_ROW1 0.010597	-0.987699	0.156006
		*TM_ROW2 0.999880	0.008710	-0.012771
		*TM_ROW3 0.099759	8.078006	125.529930
		*TM_POS 0.099759	8.078006	125.529930
		*TM_ROTAXIS -0.710135	-0.058852	-0.701602
		*TM_ROTANGLE 3.037696
		*TM_SCALE 1.000000	1.000000	1.000000
		*TM_SCALEAXIS -0.171213	0.031908	-0.984717
		*TM_SCALEAXISANG 0.066980
	}
	*WIREFRAME_COLOR 0.031373	0.431373	0.525490
}
*GEOMOBJECT {
	*NODE_NAME "Bip01 Neck"
	*NODE_PARENT "Bip01 Spine2"
	*NODE_TM {
		*NODE_NAME "Bip01 Neck"
		*TM_ROW0 0.014202	-0.191106	0.981467
		*TM_ROW1 0.006108	-0.981531	-0.191207
		*TM_ROW2 0.999880	0.008710	-0.012772
		*TM_ROW3 0.437203	12.764534	155.145401
		*TM_POS 0.437203	12.764534	155.145401
		*TM_ROTAXIS -0.710378	0.065431	-0.700773
		*TM_ROTANGLE 3.282773
		*TM_SCALE 1.000000	1.000000	1.000000
		*TM_SCALEAXIS -0.814086	0.580744	0.000002
		*TM_SCALEAXISANG 0.016396
	}
	*WIREFRAME_COLOR 0.031373	0.431373	0.525490
}
*GEOMOBJECT {
	*NODE_NAME "Bip01 Head"
	*NODE_PARENT "Bip01 Neck"
	*NODE_TM {
		*NODE_NAME "Bip01 Head"
		*TM_ROW0 -0.010611	0.002218	0.999941
		*TM_ROW1 -0.042484	-0.999096	0.001765
		*TM_ROW2 0.999041	-0.042462	0.010696
		*TM_ROW3 0.534332	11.457519	161.857864
		*TM_POS 0.534332	11.457519	161.857864
		*TM_ROTAXIS -0.703256	0.014318	-0.710792
		*TM_ROTANGLE 3.110143
		*TM_SCALE 1.000000	1.000000	1.000000
		*TM_SCALEAXIS 0.000000	0.000000	0.000000
		*TM_SCALEAXISANG 0.000000
	}
	*WIREFRAME_COLOR 0.694118	0.580392	0.101961
}
*HELPEROBJECT {
	*NODE_NAME "Dummy05"
	*NODE_PARENT "Bip01 Head"
	*HELPER_CLASS "Dummy"
	*NODE_TM {
		*NODE_NAME "Dummy05"
		*TM_ROW0 -0.010611	0.002218	0.999941
		*TM_ROW1 -0.042484	-0.999096	0.001765
		*TM_ROW2 0.999041	-0.042462	0.010696
		*TM_ROW3 0.295307	11.507471	184.382095
		*TM_POS 0.295307	11.507471	184.382095
		*TM_ROTAXIS -0.703256	0.014318	-0.710792
		*TM_ROTANGLE 3.110143
		*TM_SCALE 1.000000	1.000000	1.000000
		*TM_SCALEAXIS 0.000000	0.000000	0.000000
		*TM_SCALEAXISANG 0.000000
	}
	*BOUNDINGBOX_MIN -2.667185	8.568519	181.531479
	*BOUNDINGBOX_MAX 3.257799	14.446424	187.232712
}
*GEOMOBJECT {
	*NODE_NAME "Bip01 L Clavicle"
	*NODE_PARENT "Bip01 Neck"
	*NODE_TM {
		*NODE_NAME "Bip01 L Clavicle"
		*TM_ROW0 0.964511	0.054777	-0.258299
		*TM_ROW1 -0.097366	0.983090	-0.155092
		*TM_ROW2 0.245436	0.174737	0.953535
		*TM_ROW3 8.313662	14.432004	149.356049
		*TM_POS 8.313662	14.432004	149.356049
		*TM_ROTAXIS 0.531096	-0.811123	-0.244982
		*TM_ROTANGLE 0.315737
		*TM_SCALE 1.000000	1.000000	1.000000
		*TM_SCALEAXIS -0.000000	0.887524	0.460761
		*TM_SCALEAXISANG 0.232015
	}
	*WIREFRAME_COLOR 0.109804	0.109804	0.694118
}
*GEOMOBJECT {
	*NODE_NAME "Bip01 L UpperArm"
	*NODE_PARENT "Bip01 L Clavicle"
	*NODE_TM {
		*NODE_NAME "Bip01 L UpperArm"
		*TM_ROW0 0.111290	-0.034231	-0.993198
		*TM_ROW1 0.334842	0.942261	0.005044
		*TM_ROW2 0.935679	-0.333126	0.116326
		*TM_ROW3 21.166739	15.161957	145.913940
		*TM_POS 21.166739	15.161957	145.913940
		*TM_ROTAXIS -0.169698	-0.967937	0.185206
		*TM_ROTANGLE 1.485755
		*TM_SCALE 1.000000	1.000000	1.000000
		*TM_SCALEAXIS 0.000000	0.000000	0.000000
		*TM_SCALEAXISANG 0.000000
	}
	*WIREFRAME_COLOR 0.109804	0.109804	0.694118
}
*GEOMOBJECT {
	*NODE_NAME "Bip01 L Forearm"
	*NODE_PARENT "Bip01 L UpperArm"
	*NODE_TM {
		*NODE_NAME "Bip01 L Forearm"
		*TM_ROW0 -0.036279	-0.418752	-0.907376
		*TM_ROW1 0.350982	0.844792	-0.403903
		*TM_ROW2 0.935679	-0.333126	0.116326
		*TM_ROW3 24.272423	14.206702	118.197533
		*TM_POS 24.272423	14.206702	118.197533
		*TM_ROTAXIS 0.035414	-0.922179	0.385139
		*TM_ROTANGLE 1.608386
		*TM_SCALE 1.000000	1.000000	1.000000
		*TM_SCALEAXIS 0.911576	0.411131	-0.000000
		*TM_SCALEAXISANG 0.116649
	}
	*WIREFRAME_COLOR 0.109804	0.109804	0.694118
}
*GEOMOBJECT {
	*NODE_NAME "Bip01 L Hand"
	*NODE_PARENT "Bip01 L Forearm"
	*NODE_TM {
		*NODE_NAME "Bip01 L Hand"
		*TM_ROW0 -0.114926	-0.479701	-0.869873
		*TM_ROW1 -0.936279	0.344905	-0.066502
		*TM_ROW2 0.331925	0.806800	-0.488773
		*TM_ROW3 23.263273	2.558566	92.957687
		*TM_POS 23.263273	2.558566	92.957687
		*TM_ROTAXIS 0.561910	-0.773274	-0.293776
		*TM_ROTANGLE 2.251573
		*TM_SCALE 1.000000	1.000000	1.000000
		*TM_SCALEAXIS 0.997098	-0.076132	-0.000000
		*TM_SCALEAXISANG 0.115792
	}
	*WIREFRAME_COLOR 0.109804	0.109804	0.694118
}
*GEOMOBJECT {
	*NODE_NAME "Bip01 L Finger0"
	*NODE_PARENT "Bip01 L Hand"
	*NODE_TM {
		*NODE_NAME "Bip01 L Finger0"
		*TM_ROW0 -0.114926	-0.479701	-0.869873
		*TM_ROW1 -0.936543	0.344263	-0.066113
		*TM_ROW2 0.331179	0.807075	-0.488826
		*TM_ROW3 21.784189	-3.615120	81.762550
		*TM_POS 21.784189	-3.615120	81.762550
		*TM_ROTAXIS 0.562040	-0.773075	-0.294053
		*TM_ROTANGLE 2.252021
		*TM_SCALE 1.000000	1.000000	1.000000
		*TM_SCALEAXIS 0.944084	-0.000000	0.329705
		*TM_SCALEAXISANG 0.392320
	}
	*WIREFRAME_COLOR 0.525490	0.023529	0.023529
}
*HELPEROBJECT {
	*NODE_NAME "Dummy02"
	*NODE_PARENT "Bip01 L Finger0"
	*HELPER_CLASS "Dummy"
	*NODE_TM {
		*NODE_NAME "Dummy02"
		*TM_ROW0 -0.114926	-0.479701	-0.869873
		*TM_ROW1 -0.936543	0.344263	-0.066113
		*TM_ROW2 0.331179	0.807075	-0.488826
		*TM_ROW3 21.525312	-4.695673	79.803116
		*TM_POS 21.525312	-4.695673	79.803116
		*TM_ROTAXIS 0.562040	-0.773075	-0.294053
		*TM_ROTANGLE 2.252021
		*TM_SCALE 1.000000	1.000000	1.000000
		*TM_SCALEAXIS 0.944084	-0.000000	0.329705
		*TM_SCALEAXISANG 0.392320
	}
	*BOUNDINGBOX_MIN 20.768263	-5.524128	79.164040
	*BOUNDINGBOX_MAX 22.282362	-3.867219	80.442192
}
*GEOMOBJECT {
	*NODE_NAME "Bip01 R Clavicle"
	*NODE_PARENT "Bip01 Neck"
	*NODE_TM {
		*NODE_NAME "Bip01 R Clavicle"
		*TM_ROW0 -0.962686	0.061330	-0.263580
		*TM_ROW1 0.105599	0.981902	-0.157214
		*TM_ROW2 0.249168	-0.179182	-0.951740
		*TM_ROW3 -7.612404	14.293221	149.559464
		*TM_POS -7.612404	14.293221	149.559464
		*TM_ROTAXIS -0.042645	-0.995387	0.085939
		*TM_ROTANGLE 2.881094
		*TM_SCALE 1.000000	1.000000	1.000000
		*TM_SCALEAXIS -0.000000	-0.830093	0.557625
		*TM_SCALEAXISANG 0.200669
	}
	*WIREFRAME_COLOR 0.023529	0.525490	0.023529
}
*GEOMOBJECT {
	*NODE_NAME "Bip01 R UpperArm"
	*NODE_PARENT "Bip01 R Clavicle"
	*NODE_TM {
		*NODE_NAME "Bip01 R UpperArm"
		*TM_ROW0 -0.160603	-0.093218	-0.982607
		*TM_ROW1 -0.499574	0.866271	-0.000528
		*TM_ROW2 0.851253	0.490801	-0.185695
		*TM_ROW3 -20.441158	15.110509	146.046997
		*TM_POS -20.441158	15.110509	146.046997
		*TM_ROTAXIS 0.253061	-0.944540	-0.209296
		*TM_ROTANGLE 1.813176
		*TM_SCALE 1.000000	1.000000	1.000000
		*TM_SCALEAXIS -0.903962	0.427612	0.000000
		*TM_SCALEAXISANG 0.394506
	}
	*WIREFRAME_COLOR 0.023529	0.525490	0.023529
}
*GEOMOBJECT {
	*NODE_NAME "Bip01 R Forearm"
	*NODE_PARENT "Bip01 R UpperArm"
	*NODE_TM {
		*NODE_NAME "Bip01 R Forearm"
		*TM_ROW0 -0.032168	-0.304398	-0.952002
		*TM_ROW1 -0.523768	0.816368	-0.243332
		*TM_ROW2 0.851253	0.490801	-0.185695
		*TM_ROW3 -24.922974	12.509157	118.626137
		*TM_POS -24.922974	12.509157	118.626137
		*TM_ROTAXIS 0.374694	-0.920363	-0.111964
		*TM_ROTANGLE 1.772917
		*TM_SCALE 1.000000	1.000000	1.000000
		*TM_SCALEAXIS -0.999625	0.027375	-0.000000
		*TM_SCALEAXISANG 0.484180
	}
	*WIREFRAME_COLOR 0.023529	0.525490	0.023529
}
*GEOMOBJECT {
	*NODE_NAME "Bip01 R Hand"
	*NODE_PARENT "Bip01 R Forearm"
	*NODE_TM {
		*NODE_NAME "Bip01 R Hand"
		*TM_ROW0 0.081071	-0.391256	-0.916704
		*TM_ROW1 0.854658	0.500506	-0.138035
		*TM_ROW2 0.512823	-0.772278	0.374966
		*TM_ROW3 -25.817755	4.041921	92.144966
		*TM_POS -25.817755	4.041921	92.144966
		*TM_ROTAXIS -0.317196	-0.714932	0.623104
		*TM_ROTANGLE 1.592526
		*TM_SCALE 1.000000	1.000000	1.000000
		*TM_SCALEAXIS -0.983827	-0.000000	0.179119
		*TM_SCALEAXISANG 0.374560
	}
	*WIREFRAME_COLOR 0.023529	0.525490	0.023529
}
*GEOMOBJECT {
	*NODE_NAME "Bip01 R Finger0"
	*NODE_PARENT "Bip01 R Hand"
	*NODE_TM {
		*NODE_NAME "Bip01 R Finger0"
		*TM_ROW0 0.081071	-0.391256	-0.916704
		*TM_ROW1 0.855066	0.499891	-0.137737
		*TM_ROW2 0.512142	-0.772676	0.375076
		*TM_ROW3 -24.774378	-0.993482	80.347115
		*TM_POS -24.774378	-0.993482	80.347115
		*TM_ROTAXIS -0.317546	-0.714596	0.623311
		*TM_ROTANGLE 1.592779
		*TM_SCALE 1.000000	1.000000	1.000000
		*TM_SCALEAXIS -0.902341	-0.000001	0.431022
		*TM_SCALEAXISANG 0.212112
	}
	*WIREFRAME_COLOR 0.878431	0.776471	0.341176
}
*HELPEROBJECT {
	*NODE_NAME "Dummy01"
	*NODE_PARENT "Bip01 R Finger0"
	*HELPER_CLASS "Dummy"
	*NODE_TM {
		*NODE_NAME "Dummy01"
		*TM_ROW0 0.081071	-0.391256	-0.916704
		*TM_ROW1 0.855066	0.499891	-0.137737
		*TM_ROW2 -0.512142	0.772676	-0.375076
		*TM_ROW3 -24.591761	-1.874806	78.282188
		*TM_POS -24.591761	-1.874806	78.282188
		*TM_ROTAXIS -0.570588	0.253553	-0.781114
		*TM_ROTANGLE 2.217981
		*TM_SCALE 1.000000	1.000000	1.000000
		*TM_SCALEAXIS 0.902341	0.000001	0.431022
		*TM_SCALEAXISANG 0.212112
	}
	*BOUNDINGBOX_MIN -25.392124	-2.738325	77.649246
	*BOUNDINGBOX_MAX -23.791397	-1.011288	78.915131
}
*GEOMOBJECT {
	*NODE_NAME "Bip01 L Thigh"
	*NODE_PARENT "Bip01 Spine"
	*NODE_TM {
		*NODE_NAME "Bip01 L Thigh"
		*TM_ROW0 0.111032	-0.016614	-0.993678
		*TM_ROW1 0.055193	-0.998214	0.022857
		*TM_ROW2 -0.992283	-0.057382	-0.109917
		*TM_ROW3 8.867028	8.014501	100.718246
		*TM_POS 8.867028	8.014501	100.718246
		*TM_ROTAXIS -0.745113	-0.012953	0.666812
		*TM_ROTANGLE 3.087723
		*TM_SCALE 1.000000	1.000000	1.000000
		*TM_SCALEAXIS 0.000000	0.000000	0.000000
		*TM_SCALEAXISANG 0.000000
	}
	*WIREFRAME_COLOR 0.109804	0.109804	0.694118
}
*GEOMOBJECT {
	*NODE_NAME "Bip01 L Calf"
	*NODE_PARENT "Bip01 L Thigh"
	*NODE_TM {
		*NODE_NAME "Bip01 L Calf"
		*TM_ROW0 0.099884	0.155332	-0.982800
		*TM_ROW1 0.073468	-0.986194	-0.148401
		*TM_ROW2 -0.992283	-0.057382	-0.109917
		*TM_ROW3 13.235559	7.360820	61.622154
		*TM_POS 13.235559	7.360820	61.622154
		*TM_ROTAXIS -0.741294	-0.077235	0.666722
		*TM_ROTANGLE 3.203024
		*TM_SCALE 1.000000	1.000000	1.000000
		*TM_SCALEAXIS -0.553087	0.833123	-0.000000
		*TM_SCALEAXISANG 0.138334
	}
	*WIREFRAME_COLOR 0.109804	0.109804	0.694118
}
*GEOMOBJECT {
	*NODE_NAME "Bip01 L Foot"
	*NODE_PARENT "Bip01 L Calf"
	*NODE_TM {
		*NODE_NAME "Bip01 L Foot"
		*TM_ROW0 -0.000835	0.033979	-0.999422
		*TM_ROW1 0.139869	-0.989594	-0.033761
		*TM_ROW2 -0.990170	-0.139816	-0.003926
		*TM_ROW3 18.139612	14.987237	13.368980
		*TM_POS 18.139612	14.987237	13.368980
		*TM_ROTAXIS -0.706311	-0.061621	0.705215
		*TM_ROTANGLE 3.066445
		*TM_SCALE 1.000000	1.000000	1.000000
		*TM_SCALEAXIS 0.000000	0.000000	0.000000
		*TM_SCALEAXISANG 0.000000
	}
	*WIREFRAME_COLOR 0.109804	0.109804	0.694118
}
*GEOMOBJECT {
	*NODE_NAME "Bip01 L Toe0"
	*NODE_PARENT "Bip01 L Foot"
	*NODE_TM {
		*NODE_NAME "Bip01 L Toe0"
		*TM_ROW0 0.139869	-0.989594	-0.033761
		*TM_ROW1 0.000835	-0.033979	0.999422
		*TM_ROW2 -0.990170	-0.139816	-0.003926
		*TM_ROW3 21.296234	-6.991920	-0.014945
		*TM_POS 21.296234	-6.991920	-0.014945
		*TM_ROTAXIS -0.637498	0.535190	0.554227
		*TM_ROTANGLE 2.036462
		*TM_SCALE 1.000000	1.000000	1.000000
		*TM_SCALEAXIS 0.000000	0.000000	0.000000
		*TM_SCALEAXISANG 0.000000
	}
	*WIREFRAME_COLOR 0.423529	0.031373	0.533333
}
*HELPEROBJECT {
	*NODE_NAME "Dummy04"
	*NODE_PARENT "Bip01 L Toe0"
	*HELPER_CLASS "Dummy"
	*NODE_TM {
		*NODE_NAME "Dummy04"
		*TM_ROW0 0.139869	-0.989594	-0.033761
		*TM_ROW1 0.000835	-0.033979	0.999422
		*TM_ROW2 0.990170	0.139816	0.003926
		*TM_ROW3 21.485271	-8.329389	-0.060574
		*TM_POS 21.485271	-8.329389	-0.060574
		*TM_ROTAXIS -0.516645	-0.615409	0.595273
		*TM_ROTANGLE 4.124136
		*TM_SCALE 1.000000	1.000000	1.000000
		*TM_SCALEAXIS 0.000000	0.000000	0.000000
		*TM_SCALEAXISANG 0.000000
	}
	*BOUNDINGBOX_MIN 21.118921	-8.611023	-0.407194
	*BOUNDINGBOX_MAX 21.851622	-8.047754	0.286045
}
*GEOMOBJECT {
	*NODE_NAME "Bip01 R Thigh"
	*NODE_PARENT "Bip01 Spine"
	*NODE_TM {
		*NODE_NAME "Bip01 R Thigh"
		*TM_ROW0 -0.123957	0.013517	-0.992196
		*TM_ROW1 -0.071559	-0.997426	-0.004649
		*TM_ROW2 -0.989704	0.070424	0.124605
		*TM_ROW3 -9.143384	7.529445	100.363480
		*TM_POS -9.143384	7.529445	100.363480
		*TM_ROTAXIS 0.661490	-0.021954	-0.749633
		*TM_ROTANGLE 3.084817
		*TM_SCALE 1.000000	1.000000	1.000000
		*TM_SCALEAXIS 0.994413	0.105561	0.000000
		*TM_SCALEAXISANG 0.095674
	}
	*WIREFRAME_COLOR 0.023529	0.525490	0.023529
}
*GEOMOBJECT {
	*NODE_NAME "Bip01 R Calf"
	*NODE_PARENT "Bip01 R Thigh"
	*NODE_TM {
		*NODE_NAME "Bip01 R Calf"
		*TM_ROW0 -0.113835	0.140419	-0.983526
		*TM_ROW1 -0.086761	-0.987584	-0.130957
		*TM_ROW2 -0.989704	0.070424	0.124605
		*TM_ROW3 -14.020443	8.061280	61.325710
		*TM_POS -14.020443	8.061280	61.325710
		*TM_ROTAXIS 0.663201	0.020345	-0.748165
		*TM_ROTANGLE 2.989178
		*TM_SCALE 1.000000	1.000000	1.000000
		*TM_SCALEAXIS 0.974385	-0.224887	0.000000
		*TM_SCALEAXISANG 0.138424
	}
	*WIREFRAME_COLOR 0.023529	0.525490	0.023529
}
*GEOMOBJECT {
	*NODE_NAME "Bip01 R Foot"
	*NODE_PARENT "Bip01 R Calf"
	*NODE_TM {
		*NODE_NAME "Bip01 R Foot"
		*TM_ROW0 -0.018489	0.022570	-0.999574
		*TM_ROW1 -0.089771	-0.995745	-0.020823
		*TM_ROW2 -0.995791	0.089348	0.020437
		*TM_ROW3 -19.609495	14.955548	13.036870
		*TM_POS -19.609495	14.955548	13.036870
		*TM_ROTAXIS 0.699975	-0.024038	-0.713763
		*TM_ROTANGLE 3.062815
		*TM_SCALE 1.000000	1.000000	1.000000
		*TM_SCALEAXIS 0.973623	0.000004	-0.228165
		*TM_SCALEAXISANG 0.027647
	}
	*WIREFRAME_COLOR 0.023529	0.525490	0.023529
}
*GEOMOBJECT {
	*NODE_NAME "Bip01 R Toe0"
	*NODE_PARENT "Bip01 R Foot"
	*NODE_TM {
		*NODE_NAME "Bip01 R Toe0"
		*TM_ROW0 -0.089771	-0.995745	-0.020823
		*TM_ROW1 0.018489	-0.022570	0.999574
		*TM_ROW2 -0.995791	0.089348	0.020437
		*TM_ROW3 -21.875713	-7.306927	-0.056007
		*TM_POS -21.875713	-7.306927	-0.056007
		*TM_ROTAXIS 0.543214	-0.581850	-0.605284
		*TM_ROTANGLE 4.134864
		*TM_SCALE 1.000000	1.000000	1.000000
		*TM_SCALEAXIS -0.000005	-0.973623	-0.228165
		*TM_SCALEAXISANG 0.027647
	}
	*WIREFRAME_COLOR 0.443137	0.525490	0.023529
}
*HELPEROBJECT {
	*NODE_NAME "Dummy03"
	*NODE_PARENT "Bip01 R Toe0"
	*HELPER_CLASS "Dummy"
	*NODE_TM {
		*NODE_NAME "Dummy03"
		*TM_ROW0 -0.089771	-0.995745	-0.020823
		*TM_ROW1 0.018489	-0.022570	0.999574
		*TM_ROW2 -0.995791	0.089348	0.020437
		*TM_ROW3 -21.997042	-8.652709	-0.084151
		*TM_POS -21.997042	-8.652709	-0.084151
		*TM_ROTAXIS 0.543214	-0.581850	-0.605284
		*TM_ROTANGLE 4.134864
		*TM_SCALE 1.000000	1.000000	1.000000
		*TM_SCALEAXIS -0.000005	-0.973623	-0.228165
		*TM_SCALEAXISANG 0.027647
	}
	*BOUNDINGBOX_MIN -22.359972	-8.914822	-0.433486
	*BOUNDINGBOX_MAX -21.634111	-8.390596	0.265184
}
*GEOMOBJECT {
	*NODE_NAME "zm_Body"
	*NODE_TM {
		*NODE_NAME "zm_Body"
		*TM_ROW0 1.000000	0.000000	0.000000
		*TM_ROW1 0.000000	1.000000	0.000000
		*TM_ROW2 0.000000	0.000000	1.000000
		*TM_ROW3 0.000004	3.741303	83.406830
		*TM_POS 0.000004	3.741303	83.406830
		*TM_ROTAXIS 0.000000	0.000000	0.000000
		*TM_ROTANGLE 0.000000
		*TM_SCALE 1.000000	1.000000	1.000000
		*TM_SCALEAXIS 0.000000	0.000000	0.000000
		*TM_SCALEAXISANG 0.000000
	}
	*MATERIAL_REF 0
	*MESH_SOFTSKIN {
		*TIMEVALUE 0
		*MESH_NUMVERTEX 420
		*MESH_NUMFACES 846
		*MESH_VERTEX_LIST {
			*MESH_VERTEX    0	-0.682550	20.169807	96.329659
			*MESH_VERTEX    1	7.919233	18.871916	96.103760
			*MESH_VERTEX    2	-8.243673	19.275209	95.784546
			*MESH_VERTEX    3	-0.328111	19.038183	103.048264
			*MESH_VERTEX    4	-23.586317	4.533874	141.736221
			*MESH_VERTEX    5	-24.424292	25.236814	143.726654
			*MESH_VERTEX    6	-29.348120	13.217121	144.707794
			*MESH_VERTEX    7	-20.785873	27.142509	141.646347
			*MESH_VERTEX    8	0.236880	25.065685	139.220459
			*MESH_VERTEX    9	0.512222	3.086986	150.612427
			*MESH_VERTEX   10	0.346526	-8.724293	127.122513
			*MESH_VERTEX   11	0.320085	23.784065	153.504898
			*MESH_VERTEX   12	0.320834	-9.068929	119.069786
			*MESH_VERTEX   13	-0.273581	23.018436	118.026054
			*MESH_VERTEX   14	-0.108183	25.230307	127.067795
			*MESH_VERTEX   15	-16.205208	26.398577	146.738586
			*MESH_VERTEX   16	-19.116518	21.482933	154.421890
			*MESH_VERTEX   17	-16.459557	0.036188	142.921402
			*MESH_VERTEX   18	-10.824054	12.326221	159.953979
			*MESH_VERTEX   19	-16.707289	21.536337	138.458008
			*MESH_VERTEX   20	-19.036631	1.494143	149.386581
			*MESH_VERTEX   21	-18.621504	7.163795	119.509041
			*MESH_VERTEX   22	-11.233735	-5.890244	119.028244
			*MESH_VERTEX   23	-11.121729	19.227106	118.066528
			*MESH_VERTEX   24	-11.864653	22.127354	127.987076
			*MESH_VERTEX   25	-21.764877	8.869267	131.084167
			*MESH_VERTEX   26	-12.838560	-5.605339	128.097351
			*MESH_VERTEX   27	-15.877512	4.089018	138.270248
			*MESH_VERTEX   28	-19.915386	5.351879	136.329971
			*MESH_VERTEX   29	-14.202802	23.870363	137.398163
			*MESH_VERTEX   30	-11.564277	17.282911	115.578255
			*MESH_VERTEX   31	-0.232187	19.753654	115.849739
			*MESH_VERTEX   32	-16.691147	8.130178	115.728928
			*MESH_VERTEX   33	-11.987735	-3.249124	115.907753
			*MESH_VERTEX   34	0.278600	-7.450500	115.711609
			*MESH_VERTEX   35	-11.736003	2.885828	153.629578
			*MESH_VERTEX   36	0.443444	23.066263	162.661499
			*MESH_VERTEX   37	-32.897457	12.654122	146.168594
			*MESH_VERTEX   38	-29.215733	3.970880	145.075272
			*MESH_VERTEX   39	-29.897968	22.530193	146.162750
			*MESH_VERTEX   40	-21.401573	12.360431	155.446884
			*MESH_VERTEX   41	-6.027856	-4.240282	146.918808
			*MESH_VERTEX   42	-6.156391	19.119385	163.382568
			*MESH_VERTEX   43	-8.747454	1.901301	156.899124
			*MESH_VERTEX   44	-9.165334	10.786324	162.517288
			*MESH_VERTEX   45	-6.861109	18.614738	159.479706
			*MESH_VERTEX   46	24.959753	4.884149	141.761444
			*MESH_VERTEX   47	24.360353	25.357275	143.257019
			*MESH_VERTEX   48	30.093298	13.904125	144.349380
			*MESH_VERTEX   49	19.101158	27.301575	141.090973
			*MESH_VERTEX   50	17.009138	26.272964	146.320099
			*MESH_VERTEX   51	19.788866	21.625118	154.024796
			*MESH_VERTEX   52	17.152880	0.179577	143.187805
			*MESH_VERTEX   53	11.823535	12.523573	159.664673
			*MESH_VERTEX   54	16.653280	21.183729	138.300034
			*MESH_VERTEX   55	19.725191	1.777588	149.616119
			*MESH_VERTEX   56	18.259792	8.974863	119.062500
			*MESH_VERTEX   57	11.750924	-5.474148	118.765404
			*MESH_VERTEX   58	10.704691	19.629740	117.818283
			*MESH_VERTEX   59	11.745071	22.430252	127.683151
			*MESH_VERTEX   60	21.931389	9.425925	130.521729
			*MESH_VERTEX   61	13.466677	-6.103845	127.759048
			*MESH_VERTEX   62	17.297739	3.818915	138.576126
			*MESH_VERTEX   63	20.598530	5.533368	135.956161
			*MESH_VERTEX   64	15.440242	24.731443	137.035950
			*MESH_VERTEX   65	10.920609	17.807171	115.547783
			*MESH_VERTEX   66	16.509939	9.059902	115.691330
			*MESH_VERTEX   67	12.389891	-2.818119	115.874863
			*MESH_VERTEX   68	12.739102	3.100690	153.314758
			*MESH_VERTEX   69	34.229473	13.676970	145.009827
			*MESH_VERTEX   70	31.047436	4.837132	144.394058
			*MESH_VERTEX   71	30.437342	23.170439	145.036148
			*MESH_VERTEX   72	22.063700	12.722738	155.304871
			*MESH_VERTEX   73	7.005441	-4.117908	146.749649
			*MESH_VERTEX   74	7.127307	19.235138	163.212875
			*MESH_VERTEX   75	9.851545	2.063372	156.661530
			*MESH_VERTEX   76	10.257909	10.955579	162.269180
			*MESH_VERTEX   77	7.740803	18.741978	159.293182
			*MESH_VERTEX   78	-11.966805	16.610271	110.030800
			*MESH_VERTEX   79	-0.286884	19.440845	110.332985
			*MESH_VERTEX   80	-17.306641	6.782643	110.093628
			*MESH_VERTEX   81	-12.410175	-3.073748	110.060249
			*MESH_VERTEX   82	0.228445	-7.076140	109.878136
			*MESH_VERTEX   83	10.961989	17.437511	110.143707
			*MESH_VERTEX   84	17.028072	8.647940	110.188919
			*MESH_VERTEX   85	13.109868	-1.991588	110.117027
			*MESH_VERTEX   86	0.148530	-9.954182	103.658981
			*MESH_VERTEX   87	-13.998477	-5.627286	103.540367
			*MESH_VERTEX   88	-0.244917	22.162603	105.116425
			*MESH_VERTEX   89	-13.598439	19.413857	103.387115
			*MESH_VERTEX   90	-20.149969	5.480909	104.409897
			*MESH_VERTEX   91	13.282811	-5.002813	104.622200
			*MESH_VERTEX   92	12.636691	20.117765	103.828606
			*MESH_VERTEX   93	19.776886	10.291660	105.012886
			*MESH_VERTEX   94	3.907510	-13.572309	81.878220
			*MESH_VERTEX   95	-19.416458	-7.856900	82.183167
			*MESH_VERTEX   96	-1.543381	24.007469	76.153755
			*MESH_VERTEX   97	-18.821594	19.755402	75.970932
			*MESH_VERTEX   98	-24.009106	4.864681	78.813400
			*MESH_VERTEX   99	18.606174	-8.744778	83.167862
			*MESH_VERTEX  100	18.212591	19.588537	79.088249
			*MESH_VERTEX  101	23.243492	6.198694	80.312599
			*MESH_VERTEX  102	2.184316	-10.653251	94.011879
			*MESH_VERTEX  103	16.895226	-6.938022	95.622787
			*MESH_VERTEX  104	21.727444	7.236200	94.977783
			*MESH_VERTEX  105	17.048620	19.784018	93.293678
			*MESH_VERTEX  106	-0.358860	23.987356	92.079094
			*MESH_VERTEX  107	-16.873230	19.332508	92.794907
			*MESH_VERTEX  108	-22.054005	6.201072	94.011246
			*MESH_VERTEX  109	-14.853194	-7.652846	93.632019
			*MESH_VERTEX  110	-4.943099	-13.022944	80.865341
			*MESH_VERTEX  111	-2.429796	-11.267258	93.989159
			*MESH_VERTEX  112	2.523796	22.469666	76.242638
			*MESH_VERTEX  113	0.546586	24.054422	91.749123
			*MESH_VERTEX  114	7.597267	11.210114	35.073143
			*MESH_VERTEX  115	6.725133	11.727291	11.300491
			*MESH_VERTEX  116	28.543545	14.560315	12.371803
			*MESH_VERTEX  117	18.717691	22.762737	33.917774
			*MESH_VERTEX  118	7.417669	23.885349	11.955292
			*MESH_VERTEX  119	11.179811	21.390158	33.632751
			*MESH_VERTEX  120	24.335682	1.727475	14.619072
			*MESH_VERTEX  121	23.983799	11.404329	36.061367
			*MESH_VERTEX  122	13.809587	0.329510	14.330643
			*MESH_VERTEX  123	11.292684	16.158140	19.827271
			*MESH_VERTEX  124	22.342354	16.414185	20.524307
			*MESH_VERTEX  125	15.838789	20.586504	20.466354
			*MESH_VERTEX  126	17.657444	6.651770	19.506912
			*MESH_VERTEX  127	10.445148	15.788836	12.235031
			*MESH_VERTEX  128	23.152512	16.900841	13.138123
			*MESH_VERTEX  129	13.408913	20.880598	14.469650
			*MESH_VERTEX  130	17.761192	7.270666	15.467903
			*MESH_VERTEX  131	14.538811	3.045224	10.535103
			*MESH_VERTEX  132	22.399746	-8.159245	7.356094
			*MESH_VERTEX  133	22.421303	-10.532922	2.034019
			*MESH_VERTEX  134	25.906956	-4.740851	0.924561
			*MESH_VERTEX  135	24.505056	4.589896	10.345444
			*MESH_VERTEX  136	22.242779	18.951900	0.087791
			*MESH_VERTEX  137	10.227636	16.210979	0.101410
			*MESH_VERTEX  138	17.321714	-8.682089	1.246819
			*MESH_VERTEX  139	26.566704	3.653670	-0.636459
			*MESH_VERTEX  140	14.007591	21.663994	0.814476
			*MESH_VERTEX  141	12.847583	2.000388	34.041645
			*MESH_VERTEX  142	20.970737	2.127586	34.469585
			*MESH_VERTEX  143	12.765486	0.533808	-0.131905
			*MESH_VERTEX  144	20.741142	26.472513	11.783493
			*MESH_VERTEX  145	-8.495063	10.783714	35.073246
			*MESH_VERTEX  146	-8.396262	11.335843	10.985367
			*MESH_VERTEX  147	-27.731514	12.920850	12.157745
			*MESH_VERTEX  148	-21.493950	20.275032	33.756683
			*MESH_VERTEX  149	-13.047892	25.127201	11.170319
			*MESH_VERTEX  150	-13.326216	20.896811	33.600140
			*MESH_VERTEX  151	-23.801231	0.615131	14.227409
			*MESH_VERTEX  152	-24.833864	11.493217	35.720055
			*MESH_VERTEX  153	-15.522733	-0.318225	13.940392
			*MESH_VERTEX  154	-12.822569	15.448265	19.535873
			*MESH_VERTEX  155	-23.872326	15.165009	20.218956
			*MESH_VERTEX  156	-17.576929	19.646164	20.218994
			*MESH_VERTEX  157	-18.721966	5.652068	19.097519
			*MESH_VERTEX  158	-11.996699	15.332984	11.889420
			*MESH_VERTEX  159	-24.614094	15.850422	12.765709
			*MESH_VERTEX  160	-15.647374	20.310291	14.179657
			*MESH_VERTEX  161	-18.792311	6.331896	15.154358
			*MESH_VERTEX  162	-15.408379	2.274402	10.235779
			*MESH_VERTEX  163	-23.518976	-9.212438	6.978638
			*MESH_VERTEX  164	-21.360125	-11.785547	1.666512
			*MESH_VERTEX  165	-26.378893	-6.074229	0.627068
			*MESH_VERTEX  166	-25.440554	3.323602	10.046059
			*MESH_VERTEX  167	-23.846947	17.788116	-0.222145
			*MESH_VERTEX  168	-11.766186	15.643238	-0.202843
			*MESH_VERTEX  169	-17.610596	-9.586945	0.950363
			*MESH_VERTEX  170	-27.454189	2.278200	-0.933792
			*MESH_VERTEX  171	-15.980617	20.944443	0.504173
			*MESH_VERTEX  172	-12.245955	2.240479	33.340565
			*MESH_VERTEX  173	-20.951353	1.621171	33.487808
			*MESH_VERTEX  174	-13.514526	-0.154147	-0.429703
			*MESH_VERTEX  175	-22.157269	25.257858	11.576797
			*MESH_VERTEX  176	-11.501623	-3.957133	53.773560
			*MESH_VERTEX  177	-17.472664	-4.771893	53.986542
			*MESH_VERTEX  178	-9.781023	11.950301	44.406548
			*MESH_VERTEX  179	-22.068581	11.913259	44.168415
			*MESH_VERTEX  180	-16.616177	19.492580	43.754177
			*MESH_VERTEX  181	-24.152985	7.487295	43.672363
			*MESH_VERTEX  182	-6.827304	6.253025	41.968483
			*MESH_VERTEX  183	-18.590090	3.049127	85.157516
			*MESH_VERTEX  184	-15.353215	13.645359	82.649796
			*MESH_VERTEX  185	-1.302969	7.966696	77.130020
			*MESH_VERTEX  186	-4.496581	-6.866088	86.986191
			*MESH_VERTEX  187	-13.974948	-7.307108	88.205460
			*MESH_VERTEX  188	-5.735715	15.844740	80.585754
			*MESH_VERTEX  189	-21.381281	2.069949	58.426895
			*MESH_VERTEX  190	-19.217846	12.294535	57.496136
			*MESH_VERTEX  191	-11.226917	13.270744	57.115379
			*MESH_VERTEX  192	-4.610966	4.253671	57.408672
			*MESH_VERTEX  193	-11.266965	-7.494919	62.165924
			*MESH_VERTEX  194	-16.700554	-8.332324	62.631969
			*MESH_VERTEX  195	-12.825189	1.789291	41.684643
			*MESH_VERTEX  196	-19.010265	0.281108	42.522507
			*MESH_VERTEX  197	11.798398	-1.877350	54.032585
			*MESH_VERTEX  198	17.540884	-1.792803	54.726662
			*MESH_VERTEX  199	9.704671	19.112852	43.125309
			*MESH_VERTEX  200	21.974939	13.083362	43.684597
			*MESH_VERTEX  201	16.061939	20.768150	43.590317
			*MESH_VERTEX  202	23.683739	7.350226	44.035568
			*MESH_VERTEX  203	6.681219	4.777693	43.033356
			*MESH_VERTEX  204	19.058807	4.060986	85.909637
			*MESH_VERTEX  205	15.490185	16.185869	82.976425
			*MESH_VERTEX  206	1.091698	6.400449	76.728973
			*MESH_VERTEX  207	5.566542	-6.824854	86.718796
			*MESH_VERTEX  208	14.975100	-5.703977	87.990456
			*MESH_VERTEX  209	5.376628	16.667114	80.953415
			*MESH_VERTEX  210	20.745445	3.891811	58.884312
			*MESH_VERTEX  211	17.759819	14.297397	57.802135
			*MESH_VERTEX  212	8.410517	14.210230	57.335094
			*MESH_VERTEX  213	5.664392	3.839298	57.836868
			*MESH_VERTEX  214	11.795349	-5.294011	61.770702
			*MESH_VERTEX  215	17.035807	-5.277298	62.299728
			*MESH_VERTEX  216	13.196681	1.549847	42.776150
			*MESH_VERTEX  217	18.800983	1.198589	43.306969
			*MESH_VERTEX  218	-0.021719	8.463172	82.366302
			*MESH_VERTEX  219	-13.237181	-3.485932	98.858955
			*MESH_VERTEX  220	-16.486660	5.591325	98.448410
			*MESH_VERTEX  221	-11.609402	17.702776	101.555237
			*MESH_VERTEX  222	-1.849862	-5.104386	92.239311
			*MESH_VERTEX  223	-5.030770	16.750366	85.236618
			*MESH_VERTEX  224	13.350284	-3.356553	99.780441
			*MESH_VERTEX  225	16.799690	5.397566	99.102402
			*MESH_VERTEX  226	10.570989	17.290802	101.720207
			*MESH_VERTEX  227	1.969511	-5.068428	92.368721
			*MESH_VERTEX  228	4.563417	16.885956	85.381653
			*MESH_VERTEX  229	-15.763575	13.498260	88.917946
			*MESH_VERTEX  230	14.566719	14.391836	89.845879
			*MESH_VERTEX  231	-0.591185	17.376539	86.133820
			*MESH_VERTEX  232	6.322792	1.616364	151.272598
			*MESH_VERTEX  233	-5.162342	1.026356	151.477966
			*MESH_VERTEX  234	-5.764941	7.654835	155.143234
			*MESH_VERTEX  235	7.135847	7.361813	155.062515
			*MESH_VERTEX  236	6.230776	16.718798	157.036163
			*MESH_VERTEX  237	-5.160050	16.371941	157.098648
			*MESH_VERTEX  238	0.455513	18.479132	156.996933
			*MESH_VERTEX  239	0.748930	16.866623	168.088272
			*MESH_VERTEX  240	-2.682063	15.901461	167.602188
			*MESH_VERTEX  241	-4.312146	7.750171	163.688385
			*MESH_VERTEX  242	0.183469	4.647735	163.243042
			*MESH_VERTEX  243	-5.739327	10.149553	165.408340
			*MESH_VERTEX  244	4.210219	15.378713	167.685577
			*MESH_VERTEX  245	4.863752	7.256034	164.012451
			*MESH_VERTEX  246	6.507312	10.297094	165.567413
			*MESH_VERTEX  247	24.044880	6.732001	101.638077
			*MESH_VERTEX  248	22.656683	5.196350	128.726288
			*MESH_VERTEX  249	27.258560	21.479441	130.064423
			*MESH_VERTEX  250	17.530563	23.808239	129.456497
			*MESH_VERTEX  251	12.528894	16.418982	128.642090
			*MESH_VERTEX  252	16.633778	5.692900	128.383240
			*MESH_VERTEX  253	12.075682	9.566144	128.317627
			*MESH_VERTEX  254	29.165056	13.464252	129.625198
			*MESH_VERTEX  255	22.011532	24.587803	129.896759
			*MESH_VERTEX  256	24.032864	7.895103	122.125816
			*MESH_VERTEX  257	28.353685	20.546959	121.110962
			*MESH_VERTEX  258	19.195255	21.713444	120.743904
			*MESH_VERTEX  259	15.276821	17.123981	120.002014
			*MESH_VERTEX  260	19.015224	8.581040	121.750381
			*MESH_VERTEX  261	15.794518	11.400477	121.085457
			*MESH_VERTEX  262	29.630665	13.195274	121.209305
			*MESH_VERTEX  263	23.952757	23.124538	120.948128
			*MESH_VERTEX  264	28.026491	19.312395	118.391785
			*MESH_VERTEX  265	18.892195	20.529289	117.714180
			*MESH_VERTEX  266	29.666424	13.135987	119.543289
			*MESH_VERTEX  267	23.667170	21.881886	117.713791
			*MESH_VERTEX  268	24.560352	5.203475	113.638565
			*MESH_VERTEX  269	29.011345	16.823807	108.729942
			*MESH_VERTEX  270	20.178524	17.647228	108.754242
			*MESH_VERTEX  271	16.248571	13.388615	110.585869
			*MESH_VERTEX  272	19.770855	5.645532	113.650620
			*MESH_VERTEX  273	16.783783	8.408024	112.630089
			*MESH_VERTEX  274	30.110136	10.416515	111.276497
			*MESH_VERTEX  275	25.013355	19.229588	107.910980
			*MESH_VERTEX  276	24.760126	-0.452937	98.751091
			*MESH_VERTEX  277	27.197441	8.357016	94.636803
			*MESH_VERTEX  278	20.919020	9.127918	94.466507
			*MESH_VERTEX  279	17.855782	5.787792	96.065796
			*MESH_VERTEX  280	20.561993	-0.760076	99.053162
			*MESH_VERTEX  281	18.477768	2.108183	97.760124
			*MESH_VERTEX  282	28.237551	3.434319	96.868073
			*MESH_VERTEX  283	24.536461	9.908995	93.991592
			*MESH_VERTEX  284	24.513512	-4.724921	92.689407
			*MESH_VERTEX  285	27.844202	6.037026	87.825630
			*MESH_VERTEX  286	20.252319	6.574767	86.749016
			*MESH_VERTEX  287	16.299314	1.950090	89.241615
			*MESH_VERTEX  288	19.117456	-5.296757	92.685417
			*MESH_VERTEX  289	15.963585	-1.775275	90.448761
			*MESH_VERTEX  290	28.658264	0.526056	90.426346
			*MESH_VERTEX  291	23.894640	8.073898	86.722389
			*MESH_VERTEX  292	26.743048	13.142778	107.670738
			*MESH_VERTEX  293	25.158356	13.703810	107.447708
			*MESH_VERTEX  294	21.580086	11.667282	108.641434
			*MESH_VERTEX  295	22.571417	13.423537	107.819550
			*MESH_VERTEX  296	26.016529	9.399131	109.423706
			*MESH_VERTEX  297	24.049097	8.430477	109.900879
			*MESH_VERTEX  298	21.768848	9.110293	109.747887
			*MESH_VERTEX  299	26.823301	11.161636	108.514763
			*MESH_VERTEX  300	25.410244	5.865928	91.119781
			*MESH_VERTEX  301	22.502167	6.386587	91.246307
			*MESH_VERTEX  302	20.434574	3.448001	92.755402
			*MESH_VERTEX  303	26.983196	2.244908	92.934113
			*MESH_VERTEX  304	25.301714	-0.587234	94.422607
			*MESH_VERTEX  305	21.650810	-1.177707	94.517090
			*MESH_VERTEX  306	20.444323	5.446309	84.896935
			*MESH_VERTEX  307	16.930515	-0.864737	90.521812
			*MESH_VERTEX  308	26.900108	0.678412	81.759613
			*MESH_VERTEX  309	23.048199	-7.618747	85.041809
			*MESH_VERTEX  310	20.265823	-5.431444	87.827843
			*MESH_VERTEX  311	22.451937	4.923229	87.715286
			*MESH_VERTEX  312	19.401224	-3.395197	92.114014
			*MESH_VERTEX  313	25.496803	4.346910	86.691483
			*MESH_VERTEX  314	16.302542	-5.041773	82.224541
			*MESH_VERTEX  315	20.824476	2.595243	79.733009
			*MESH_VERTEX  316	21.818865	-7.672425	83.615913
			*MESH_VERTEX  317	25.764729	0.922197	80.611908
			*MESH_VERTEX  318	17.853977	-5.898185	87.766640
			*MESH_VERTEX  319	15.418558	-4.223930	86.324249
			*MESH_VERTEX  320	19.101294	-5.521476	82.781586
			*MESH_VERTEX  321	17.070837	-3.921928	81.928986
			*MESH_VERTEX  322	17.906425	-7.020848	82.811302
			*MESH_VERTEX  323	15.875972	-5.421304	81.958694
			*MESH_VERTEX  324	35.073341	11.033385	126.590179
			*MESH_VERTEX  325	27.224535	3.400311	125.739891
			*MESH_VERTEX  326	18.460306	4.939562	126.344772
			*MESH_VERTEX  327	11.296185	10.234493	125.432098
			*MESH_VERTEX  328	8.751630	17.835642	126.095009
			*MESH_VERTEX  329	32.306103	21.093225	124.167976
			*MESH_VERTEX  330	24.604368	26.477680	124.336098
			*MESH_VERTEX  331	16.675835	24.281950	127.232941
			*MESH_VERTEX  332	-25.928236	6.993887	101.321548
			*MESH_VERTEX  333	-21.033556	4.357108	129.455780
			*MESH_VERTEX  334	-28.329102	19.658451	130.312317
			*MESH_VERTEX  335	-19.207544	23.571316	128.948395
			*MESH_VERTEX  336	-13.285682	16.980377	128.185135
			*MESH_VERTEX  337	-15.222525	5.864246	128.681961
			*MESH_VERTEX  338	-11.429919	10.450516	128.128220
			*MESH_VERTEX  339	-28.832180	11.421160	130.395065
			*MESH_VERTEX  340	-23.719370	23.599529	129.645111
			*MESH_VERTEX  341	-23.249430	6.192443	122.183899
			*MESH_VERTEX  342	-29.822372	18.058630	121.694527
			*MESH_VERTEX  343	-21.071497	20.810570	120.606033
			*MESH_VERTEX  344	-16.394886	16.844841	119.731720
			*MESH_VERTEX  345	-18.475952	7.732279	121.377892
			*MESH_VERTEX  346	-15.847892	11.079700	120.561821
			*MESH_VERTEX  347	-29.751810	10.608280	122.077309
			*MESH_VERTEX  348	-25.977919	21.363779	121.123878
			*MESH_VERTEX  349	-29.431992	16.896223	119.433105
			*MESH_VERTEX  350	-20.736309	19.667860	117.969986
			*MESH_VERTEX  351	-29.904701	10.492188	120.412201
			*MESH_VERTEX  352	-25.646402	20.190908	118.484901
			*MESH_VERTEX  353	-24.223610	3.913275	113.011848
			*MESH_VERTEX  354	-31.088558	15.306196	110.232666
			*MESH_VERTEX  355	-22.670326	17.457581	109.298187
			*MESH_VERTEX  356	-17.942200	13.710867	110.052299
			*MESH_VERTEX  357	-19.712101	5.038853	112.514267
			*MESH_VERTEX  358	-17.332253	8.346241	111.511276
			*MESH_VERTEX  359	-30.872528	8.559288	112.024811
			*MESH_VERTEX  360	-27.755737	18.322359	109.273087
			*MESH_VERTEX  361	-26.028374	0.194703	97.591347
			*MESH_VERTEX  362	-30.274811	8.923567	95.075493
			*MESH_VERTEX  363	-24.168257	10.770441	94.203430
			*MESH_VERTEX  364	-19.951380	7.114900	95.145309
			*MESH_VERTEX  365	-21.736340	0.595404	97.298836
			*MESH_VERTEX  366	-19.827085	3.262767	96.363686
			*MESH_VERTEX  367	-30.264244	3.667347	96.714806
			*MESH_VERTEX  368	-27.891773	11.010963	94.301300
			*MESH_VERTEX  369	-26.510271	-2.475539	91.627098
			*MESH_VERTEX  370	-31.710949	6.979586	88.755035
			*MESH_VERTEX  371	-24.441801	9.142490	87.248466
			*MESH_VERTEX  372	-19.265850	3.559032	88.270416
			*MESH_VERTEX  373	-21.932188	-2.891096	91.569618
			*MESH_VERTEX  374	-19.406561	0.155938	89.801170
			*MESH_VERTEX  375	-31.141602	1.532597	90.668777
			*MESH_VERTEX  376	-28.318178	9.684765	87.450310
			*MESH_VERTEX  377	-28.713320	12.036333	108.483932
			*MESH_VERTEX  378	-27.164377	12.943098	108.122292
			*MESH_VERTEX  379	-23.194439	11.384352	108.569031
			*MESH_VERTEX  380	-24.536812	13.041867	108.125427
			*MESH_VERTEX  381	-27.209806	8.279302	109.603134
