*3DSMAX_ASCIIEXPORT	108
*COMMENT " [Zengine ASC Exporter v1.08] AsciiExport Version  1,08 - Tue Mar 12 14:15:56 2002"
*SCENE {
	*SCENE_FILENAME "Schmied-Wirt.max"
	*SCENE_FIRSTFRAME 0
	*SCENE_LASTFRAME 100
	*SCENE_FRAMESPEED 25
	*SCENE_TICKSPERFRAME 192
	*SCENE_BACKGROUND_STATIC 0.000000	0.000000	0.000000
	*SCENE_AMBIENT_STATIC 1.000000	1.000000	1.000000
}
*MATERIAL_LIST {
	*MATERIAL_COUNT 1
	*MATERIAL 0 {
		*MATERIAL_NAME "Schmied"
		*MATERIAL_CLASS "Multi/Sub-Object"
		*MATERIAL_AMBIENT 0.203922	0.164706	0.101961
		*MATERIAL_DIFFUSE 0.623529	0.580392	0.501961
		*MATERIAL_SPECULAR 0.900000	0.900000	0.900000
		*MATERIAL_SHINE 0.010000
		*MATERIAL_SHINESTRENGTH 0.000000
		*MATERIAL_TRANSPARENCY 0.000000
		*MATERIAL_WIRESIZE 1.000000
		*NUMSUBMTLS 2
		*SUBMATERIAL 0 {
			*MATERIAL_NAME "Material #334"
			*MATERIAL_CLASS "Standard"
			*MATERIAL_AMBIENT 0.203922	0.164706	0.101961
			*MATERIAL_DIFFUSE 0.623529	0.580392	0.501961
			*MATERIAL_SPECULAR 0.900000	0.900000	0.900000
			*MATERIAL_SHINE 0.000000
			*MATERIAL_SHINESTRENGTH 0.000000
			*MATERIAL_TRANSPARENCY 0.000000
			*MATERIAL_WIRESIZE 1.000000
			*MATERIAL_SHADING Blinn
			*MATERIAL_XP_FALLOFF 0.000000
			*MATERIAL_SELFILLUM 0.000000
			*MATERIAL_FALLOFF In
			*MATERIAL_XP_TYPE Filter
			*MAP_DIFFUSE {
				*MAP_NAME "Map #4"
				*MAP_CLASS "Bitmap"
				*MAP_SUBNO 1
				*MAP_AMOUNT 1.000000
				*BITMAP "Hum_Body_Naked_V0_C0.tga"
				*MAP_TYPE Screen
				*UVW_U_OFFSET 0.000000
				*UVW_V_OFFSET 0.000000
				*UVW_U_TILING 1.000000
				*UVW_V_TILING 1.000000
				*UVW_ANGLE 0.000000
				*UVW_BLUR 1.000000
				*UVW_BLUR_OFFSET 0.000000
				*UVW_NOUSE_AMT 1.000000
				*UVW_NOISE_SIZE 1.000000
				*UVW_NOISE_LEVEL 1
				*UVW_NOISE_PHASE 0.000000
				*BITMAP_FILTER Pyramidal
			}
		}
		*SUBMATERIAL 1 {
			*MATERIAL_NAME "Schmied"
			*MATERIAL_CLASS "Standard"
			*MATERIAL_AMBIENT 0.000000	0.000000	0.000000
			*MATERIAL_DIFFUSE 0.588000	0.588000	0.588000
			*MATERIAL_SPECULAR 0.900000	0.900000	0.900000
			*MATERIAL_SHINE 0.100000
			*MATERIAL_SHINESTRENGTH 0.000000
			*MATERIAL_TRANSPARENCY 0.000000
			*MATERIAL_WIRESIZE 1.000000
			*MATERIAL_SHADING Blinn
			*MATERIAL_XP_FALLOFF 0.000000
			*MATERIAL_SELFILLUM 0.000000
			*MATERIAL_FALLOFF In
			*MATERIAL_XP_TYPE Filter
			*MAP_DIFFUSE {
				*MAP_NAME "Map #7"
				*MAP_CLASS "Bitmap"
				*MAP_SUBNO 1
				*MAP_AMOUNT 1.000000
				*BITMAP "Schmied.tga"
				*MAP_TYPE Screen
				*UVW_U_OFFSET 0.000000
				*UVW_V_OFFSET 0.000000
				*UVW_U_TILING 1.000000
				*UVW_V_TILING 1.000000
				*UVW_ANGLE 0.000000
				*UVW_BLUR 1.000000
				*UVW_BLUR_OFFSET 0.000000
				*UVW_NOUSE_AMT 1.000000
				*UVW_NOISE_SIZE 1.000000
				*UVW_NOISE_LEVEL 1
				*UVW_NOISE_PHASE 0.000000
				*BITMAP_FILTER Pyramidal
			}
		}
	}
}
*GEOMOBJECT {
	*NODE_NAME "Bip01"
	*NODE_TM {
		*NODE_NAME "Bip01"
		*TM_ROW0 0.024624	-0.993774	0.108663
		*TM_ROW1 0.999693	0.024771	-0.000000
		*TM_ROW2 -0.002692	0.108630	0.994079
		*TM_ROW3 0.143697	6.203871	100.621162
		*TM_POS 0.143697	6.203871	100.621162
		*TM_ROTAXIS 0.054328	0.055691	0.996969
		*TM_ROTANGLE 1.549058
		*TM_SCALE 1.000000	1.000000	1.000000
		*TM_SCALEAXIS 0.000000	-0.950111	0.311912
		*TM_SCALEAXISANG 0.065194
	}
	*WIREFRAME_COLOR 0.650980	0.792157	0.941177
}
*GEOMOBJECT {
	*NODE_NAME "Bip01 Footsteps"
	*NODE_PARENT "Bip01"
	*NODE_TM {
		*NODE_NAME "Bip01 Footsteps"
		*TM_ROW0 1.000000	0.000000	0.000000
		*TM_ROW1 0.000000	1.000000	0.000000
		*TM_ROW2 0.000000	0.000000	1.000000
		*TM_ROW3 0.143697	6.203871	-0.082873
		*TM_POS 0.143697	6.203871	-0.082873
		*TM_ROTAXIS 0.000000	0.000000	0.000000
		*TM_ROTANGLE 0.000000
		*TM_SCALE 1.000000	1.000000	1.000000
		*TM_SCALEAXIS 0.000000	0.000000	0.000000
		*TM_SCALEAXISANG 0.000000
	}
	*WIREFRAME_COLOR 0.650980	0.792157	0.941177
}
*GEOMOBJECT {
	*NODE_NAME "Bip01 Pelvis"
	*NODE_PARENT "Bip01"
	*NODE_TM {
		*NODE_NAME "Bip01 Pelvis"
		*TM_ROW0 -0.022491	0.108118	0.993884
		*TM_ROW1 0.024625	-0.993774	0.108663
		*TM_ROW2 0.999444	0.026919	0.019688
		*TM_ROW3 -0.144165	7.799951	100.445969
		*TM_POS -0.144165	7.799951	100.445969
		*TM_ROTAXIS -0.698797	-0.047531	-0.713740
		*TM_ROTANGLE 3.083070
		*TM_SCALE 1.000000	1.000000	1.000000
		*TM_SCALEAXIS 0.556063	0.716392	-0.421399
		*TM_SCALEAXISANG 0.033849
	}
	*WIREFRAME_COLOR 0.878431	0.776471	0.341176
}
*GEOMOBJECT {
	*NODE_NAME "Bip01 Spine"
	*NODE_PARENT "Bip01 Pelvis"
	*NODE_TM {
		*NODE_NAME "Bip01 Spine"
		*TM_ROW0 0.010437	-0.008259	0.999911
		*TM_ROW1 0.019587	-0.999772	-0.008462
		*TM_ROW2 0.999754	0.019674	-0.010273
		*TM_ROW3 -0.152782	8.149327	102.823303
		*TM_POS -0.152782	8.149327	102.823303
		*TM_ROTAXIS -0.710753	-0.003985	-0.703430
		*TM_ROTANGLE 3.161387
		*TM_SCALE 1.000000	1.000000	1.000000
		*TM_SCALEAXIS -0.000000	0.621087	0.783742
		*TM_SCALEAXISANG 0.020569
	}
	*WIREFRAME_COLOR 0.031373	0.431373	0.525490
}
*GEOMOBJECT {
	*NODE_NAME "Bip01 Spine1"
	*NODE_PARENT "Bip01 Spine"
	*NODE_TM {
		*NODE_NAME "Bip01 Spine1"
		*TM_ROW0 0.011812	-0.003389	0.999925
		*TM_ROW1 0.017517	-0.999840	-0.003596
		*TM_ROW2 0.999777	0.017558	-0.011751
		*TM_ROW3 -0.050393	8.078348	112.649666
		*TM_POS -0.050393	8.078348	112.649666
		*TM_ROTAXIS -0.711252	-0.004966	-0.702920
		*TM_ROTANGLE 3.156464
		*TM_SCALE 1.000000	1.000000	1.000000
		*TM_SCALEAXIS 0.000006	0.761682	0.647952
		*TM_SCALEAXISANG 0.030830
	}
	*WIREFRAME_COLOR 0.031373	0.431373	0.525490
}
*GEOMOBJECT {
	*NODE_NAME "Bip01 Spine2"
	*NODE_PARENT "Bip01 Spine1"
	*NODE_TM {
		*NODE_NAME "Bip01 Spine2"
		*TM_ROW0 0.011539	0.156128	0.987670
		*TM_ROW1 0.010668	-0.987698	0.156008
		*TM_ROW2 0.999876	0.008737	-0.013062
		*TM_ROW3 0.100428	8.058580	125.434776
		*TM_POS 0.100428	8.058580	125.434776
		*TM_ROTAXIS -0.710235	-0.058870	-0.701499
		*TM_ROTANGLE 3.037728
		*TM_SCALE 1.000000	1.000000	1.000000
		*TM_SCALEAXIS -0.368232	0.168327	-0.914369
		*TM_SCALEAXISANG 0.047629
	}
	*WIREFRAME_COLOR 0.031373	0.431373	0.525490
}
*GEOMOBJECT {
	*NODE_NAME "Bip01 Neck"
	*NODE_PARENT "Bip01 Spine2"
	*NODE_TM {
		*NODE_NAME "Bip01 Neck"
		*TM_ROW0 0.014493	-0.191101	0.981463
		*TM_ROW1 0.006078	-0.981532	-0.191204
		*TM_ROW2 0.999876	0.008737	-0.013063
		*TM_ROW3 0.446374	12.745264	155.050125
		*TM_POS 0.446374	12.745264	155.050125
		*TM_ROTAXIS -0.710481	0.065430	-0.700668
		*TM_ROTANGLE 3.282769
		*TM_SCALE 1.000000	1.000000	1.000000
		*TM_SCALEAXIS -0.331938	0.943301	0.000000
		*TM_SCALEAXISANG 0.022717
	}
	*WIREFRAME_COLOR 0.031373	0.431373	0.525490
}
*GEOMOBJECT {
	*NODE_NAME "Bip01 Head"
	*NODE_PARENT "Bip01 Neck"
	*NODE_TM {
		*NODE_NAME "Bip01 Head"
		*TM_ROW0 -0.016420	-0.136856	0.990455
		*TM_ROW1 -0.040593	-0.989680	-0.137422
		*TM_ROW2 0.999041	-0.042462	0.010696
		*TM_ROW3 0.545492	11.438284	161.762573
		*TM_POS 0.545492	11.438284	161.762573
		*TM_ROTAXIS -0.700860	0.063370	-0.710478
		*TM_ROTANGLE 3.209390
		*TM_SCALE 1.000000	1.000000	1.000000
		*TM_SCALEAXIS -0.038668	0.346504	0.937251
		*TM_SCALEAXISANG 0.111166
	}
	*WIREFRAME_COLOR 0.694118	0.109804	0.584314
}
*HELPEROBJECT {
	*NODE_NAME "Dummy05"
	*NODE_PARENT "Bip01 Head"
	*HELPER_CLASS "Dummy"
	*NODE_TM {
		*NODE_NAME "Dummy05"
		*TM_ROW0 -0.016420	-0.136856	0.990455
		*TM_ROW1 -0.040593	-0.989680	-0.137422
		*TM_ROW2 0.999041	-0.042462	0.010696
		*TM_ROW3 0.175613	8.355519	184.073120
		*TM_POS 0.175613	8.355519	184.073120
		*TM_ROTAXIS -0.700860	0.063370	-0.710478
		*TM_ROTANGLE 3.209390
		*TM_SCALE 1.000000	1.000000	1.000000
		*TM_SCALEAXIS -0.038668	0.346504	0.937251
		*TM_SCALEAXISANG 0.111166
	}
	*BOUNDINGBOX_MIN -2.797914	5.063976	180.867249
	*BOUNDINGBOX_MAX 3.149139	11.647063	187.278992
}
*GEOMOBJECT {
	*NODE_NAME "Bip01 L Clavicle"
	*NODE_PARENT "Bip01 Neck"
	*NODE_TM {
		*NODE_NAME "Bip01 L Clavicle"
		*TM_ROW0 0.964434	0.054801	-0.258580
		*TM_ROW1 -0.097437	0.983087	-0.155068
		*TM_ROW2 0.245709	0.174748	0.953462
		*TM_ROW3 8.321103	14.412911	149.258469
		*TM_POS 8.321103	14.412911	149.258469
		*TM_ROTAXIS 0.530678	-0.811406	-0.244951
		*TM_ROTANGLE 0.315982
		*TM_SCALE 1.000000	1.000000	1.000000
		*TM_SCALEAXIS -0.152826	0.988253	0.000000
		*TM_SCALEAXISANG 0.020970
	}
	*WIREFRAME_COLOR 0.109804	0.109804	0.694118
}
*GEOMOBJECT {
	*NODE_NAME "Bip01 L UpperArm"
	*NODE_PARENT "Bip01 L Clavicle"
	*NODE_TM {
		*NODE_NAME "Bip01 L UpperArm"
		*TM_ROW0 0.111290	-0.034231	-0.993198
		*TM_ROW1 0.334842	0.942261	0.005044
		*TM_ROW2 0.935679	-0.333126	0.116326
		*TM_ROW3 21.173159	15.143184	145.812622
		*TM_POS 21.173159	15.143184	145.812622
		*TM_ROTAXIS -0.169698	-0.967937	0.185206
		*TM_ROTANGLE 1.485755
		*TM_SCALE 1.000000	1.000000	1.000000
		*TM_SCALEAXIS 0.733991	-0.679159	0.000000
		*TM_SCALEAXISANG 0.331690
	}
	*WIREFRAME_COLOR 0.109804	0.109804	0.694118
}
*GEOMOBJECT {
	*NODE_NAME "Bip01 L Forearm"
	*NODE_PARENT "Bip01 L UpperArm"
	*NODE_TM {
		*NODE_NAME "Bip01 L Forearm"
		*TM_ROW0 -0.036279	-0.418752	-0.907376
		*TM_ROW1 0.350982	0.844792	-0.403903
		*TM_ROW2 0.935679	-0.333126	0.116326
		*TM_ROW3 24.278843	14.187929	118.096214
		*TM_POS 24.278843	14.187929	118.096214
		*TM_ROTAXIS 0.035414	-0.922179	0.385139
		*TM_ROTANGLE 1.608386
		*TM_SCALE 1.000000	1.000000	1.000000
		*TM_SCALEAXIS -0.000000	-0.024691	-0.999695
		*TM_SCALEAXISANG 0.177314
	}
	*WIREFRAME_COLOR 0.109804	0.109804	0.694118
}
*GEOMOBJECT {
	*NODE_NAME "Bip01 L Hand"
	*NODE_PARENT "Bip01 L Forearm"
	*NODE_TM {
		*NODE_NAME "Bip01 L Hand"
		*TM_ROW0 -0.114926	-0.479701	-0.869873
		*TM_ROW1 -0.936279	0.344905	-0.066502
		*TM_ROW2 0.331925	0.806800	-0.488773
		*TM_ROW3 23.269693	2.539793	92.856369
		*TM_POS 23.269693	2.539793	92.856369
		*TM_ROTAXIS 0.561910	-0.773274	-0.293776
		*TM_ROTANGLE 2.251573
		*TM_SCALE 1.000000	1.000000	1.000000
		*TM_SCALEAXIS 0.000000	0.000000	0.000000
		*TM_SCALEAXISANG 0.000000
	}
	*WIREFRAME_COLOR 0.109804	0.109804	0.694118
}
*GEOMOBJECT {
	*NODE_NAME "Bip01 L Finger0"
	*NODE_PARENT "Bip01 L Hand"
	*NODE_TM {
		*NODE_NAME "Bip01 L Finger0"
		*TM_ROW0 -0.114926	-0.479701	-0.869873
		*TM_ROW1 -0.936543	0.344263	-0.066113
		*TM_ROW2 0.331179	0.807075	-0.488826
		*TM_ROW3 21.790609	-3.633893	81.661232
		*TM_POS 21.790609	-3.633893	81.661232
		*TM_ROTAXIS 0.562040	-0.773074	-0.294053
		*TM_ROTANGLE 2.252021
		*TM_SCALE 1.000000	1.000000	1.000000
		*TM_SCALEAXIS 0.000000	0.000000	0.000000
		*TM_SCALEAXISANG 0.000000
	}
	*WIREFRAME_COLOR 0.525490	0.023529	0.023529
}
*HELPEROBJECT {
	*NODE_NAME "Dummy02"
	*NODE_PARENT "Bip01 L Finger0"
	*HELPER_CLASS "Dummy"
	*NODE_TM {
		*NODE_NAME "Dummy02"
		*TM_ROW0 -0.114926	-0.479701	-0.869873
		*TM_ROW1 -0.936543	0.344263	-0.066113
		*TM_ROW2 0.331179	0.807075	-0.488826
		*TM_ROW3 21.531733	-4.714447	79.701797
		*TM_POS 21.531733	-4.714447	79.701797
		*TM_ROTAXIS 0.562040	-0.773074	-0.294053
		*TM_ROTANGLE 2.252021
		*TM_SCALE 1.000000	1.000000	1.000000
		*TM_SCALEAXIS 0.000000	0.000000	0.000000
		*TM_SCALEAXISANG 0.000000
	}
	*BOUNDINGBOX_MIN 20.774683	-5.542901	79.062721
	*BOUNDINGBOX_MAX 22.288782	-3.885992	80.340874
}
*GEOMOBJECT {
	*NODE_NAME "Bip01 R Clavicle"
	*NODE_PARENT "Bip01 Neck"
	*NODE_TM {
		*NODE_NAME "Bip01 R Clavicle"
		*TM_ROW0 -0.962764	0.061304	-0.263300
		*TM_ROW1 0.105528	0.981904	-0.157250
		*TM_ROW2 0.248896	-0.179180	-0.951812
		*TM_ROW3 -7.604901	14.273712	149.466522
		*TM_POS -7.604901	14.273712	149.466522
		*TM_ROTAXIS -0.042619	-0.995388	0.085944
		*TM_ROTANGLE 2.881381
		*TM_SCALE 1.000000	1.000000	1.000000
		*TM_SCALEAXIS 0.542763	-0.689540	0.479524
		*TM_SCALEAXISANG 0.215404
	}
	*WIREFRAME_COLOR 0.023529	0.525490	0.023529
}
*GEOMOBJECT {
	*NODE_NAME "Bip01 R UpperArm"
	*NODE_PARENT "Bip01 R Clavicle"
	*NODE_TM {
		*NODE_NAME "Bip01 R UpperArm"
		*TM_ROW0 -0.160603	-0.093218	-0.982607
		*TM_ROW1 -0.499574	0.866271	-0.000528
		*TM_ROW2 0.851253	0.490801	-0.185695
		*TM_ROW3 -20.434700	15.090648	145.957794
		*TM_POS -20.434700	15.090648	145.957794
		*TM_ROTAXIS 0.253061	-0.944540	-0.209296
		*TM_ROTANGLE 1.813176
		*TM_SCALE 1.000000	1.000000	1.000000
		*TM_SCALEAXIS -0.959951	0.280168	0.000000
		*TM_SCALEAXISANG 0.371561
	}
	*WIREFRAME_COLOR 0.023529	0.525490	0.023529
}
*GEOMOBJECT {
	*NODE_NAME "Bip01 R Forearm"
	*NODE_PARENT "Bip01 R UpperArm"
	*NODE_TM {
		*NODE_NAME "Bip01 R Forearm"
		*TM_ROW0 -0.032168	-0.304398	-0.952002
		*TM_ROW1 -0.523768	0.816368	-0.243332
		*TM_ROW2 0.851253	0.490801	-0.185695
		*TM_ROW3 -24.916515	12.489296	118.536934
		*TM_POS -24.916515	12.489296	118.536934
		*TM_ROTAXIS 0.374694	-0.920363	-0.111964
		*TM_ROTANGLE 1.772917
		*TM_SCALE 1.000000	1.000000	1.000000
		*TM_SCALEAXIS -0.997246	-0.074168	-0.000000
		*TM_SCALEAXISANG 0.365376
	}
	*WIREFRAME_COLOR 0.023529	0.525490	0.023529
}
*GEOMOBJECT {
	*NODE_NAME "Bip01 R Hand"
	*NODE_PARENT "Bip01 R Forearm"
	*NODE_TM {
		*NODE_NAME "Bip01 R Hand"
		*TM_ROW0 0.081071	-0.391256	-0.916704
		*TM_ROW1 0.854658	0.500506	-0.138035
		*TM_ROW2 0.512823	-0.772278	0.374966
		*TM_ROW3 -25.811296	4.022059	92.055763
		*TM_POS -25.811296	4.022059	92.055763
		*TM_ROTAXIS -0.317196	-0.714932	0.623104
		*TM_ROTANGLE 1.592526
		*TM_SCALE 1.000000	1.000000	1.000000
		*TM_SCALEAXIS -0.951334	0.000000	0.308163
		*TM_SCALEAXISANG 0.354138
	}
	*WIREFRAME_COLOR 0.023529	0.525490	0.023529
}
*GEOMOBJECT {
	*NODE_NAME "Bip01 R Finger0"
	*NODE_PARENT "Bip01 R Hand"
	*NODE_TM {
		*NODE_NAME "Bip01 R Finger0"
		*TM_ROW0 0.081071	-0.391256	-0.916704
		*TM_ROW1 0.855066	0.499891	-0.137737
		*TM_ROW2 0.512142	-0.772676	0.375076
		*TM_ROW3 -24.767920	-1.013343	80.257912
		*TM_POS -24.767920	-1.013343	80.257912
		*TM_ROTAXIS -0.317546	-0.714596	0.623311
		*TM_ROTANGLE 1.592779
		*TM_SCALE 1.000000	1.000000	1.000000
		*TM_SCALEAXIS -0.934906	-0.000000	0.354895
		*TM_SCALEAXISANG 0.285791
	}
	*WIREFRAME_COLOR 0.878431	0.776471	0.341176
}
*HELPEROBJECT {
	*NODE_NAME "Dummy01"
	*NODE_PARENT "Bip01 R Finger0"
	*HELPER_CLASS "Dummy"
	*NODE_TM {
		*NODE_NAME "Dummy01"
		*TM_ROW0 0.081071	-0.391256	-0.916704
		*TM_ROW1 0.855066	0.499891	-0.137737
		*TM_ROW2 -0.512142	0.772676	-0.375076
		*TM_ROW3 -24.585302	-1.894668	78.192986
		*TM_POS -24.585302	-1.894668	78.192986
		*TM_ROTAXIS -0.570588	0.253553	-0.781114
		*TM_ROTANGLE 2.217981
		*TM_SCALE 1.000000	1.000000	1.000000
		*TM_SCALEAXIS 0.934906	0.000000	0.354895
		*TM_SCALEAXISANG 0.285791
	}
	*BOUNDINGBOX_MIN -25.385666	-2.758186	77.560043
	*BOUNDINGBOX_MAX -23.784939	-1.031149	78.825928
}
*GEOMOBJECT {
	*NODE_NAME "Bip01 L Thigh"
	*NODE_PARENT "Bip01 Spine"
	*NODE_TM {
		*NODE_NAME "Bip01 L Thigh"
		*TM_ROW0 0.112168	-0.023375	-0.993414
		*TM_ROW1 0.054334	-0.998083	0.029620
		*TM_ROW2 -0.992203	-0.057299	-0.110683
		*TM_ROW3 8.861041	8.042474	100.623352
		*TM_POS 8.861041	8.042474	100.623352
		*TM_ROTAXIS -0.745457	-0.010392	0.666473
		*TM_ROTANGLE 3.083261
		*TM_SCALE 1.000000	1.000000	1.000000
		*TM_SCALEAXIS -0.421112	0.907009	0.000000
		*TM_SCALEAXISANG 0.143498
	}
	*WIREFRAME_COLOR 0.109804	0.109804	0.694118
}
*GEOMOBJECT {
	*NODE_NAME "Bip01 L Calf"
	*NODE_PARENT "Bip01 L Thigh"
	*NODE_TM {
		*NODE_NAME "Bip01 L Calf"
		*TM_ROW0 0.096717	0.206155	-0.973728
		*TM_ROW1 0.078612	-0.976840	-0.199006
		*TM_ROW2 -0.992203	-0.057299	-0.110683
		*TM_ROW3 13.274283	7.122785	61.537636
		*TM_POS 13.274283	7.122785	61.537636
		*TM_ROTAXIS -0.739809	-0.096451	0.665867
		*TM_ROTANGLE 3.237512
		*TM_SCALE 1.000000	1.000000	1.000000
		*TM_SCALEAXIS -0.258189	0.966094	0.000000
		*TM_SCALEAXISANG 0.096639
	}
	*WIREFRAME_COLOR 0.109804	0.109804	0.694118
}
*GEOMOBJECT {
	*NODE_NAME "Bip01 L Foot"
	*NODE_PARENT "Bip01 L Calf"
	*NODE_TM {
		*NODE_NAME "Bip01 L Foot"
		*TM_ROW0 -0.001620	0.046783	-0.998904
		*TM_ROW1 0.139798	-0.989085	-0.046550
		*TM_ROW2 -0.990179	-0.139720	-0.004938
		*TM_ROW3 18.022861	17.244520	13.729874
		*TM_POS 18.022861	17.244520	13.729874
		*TM_ROTAXIS -0.706147	-0.066128	0.704970
		*TM_ROTANGLE 3.075574
		*TM_SCALE 1.000000	1.000000	1.000000
		*TM_SCALEAXIS 0.000000	0.617234	-0.786780
		*TM_SCALEAXISANG 0.126434
	}
	*WIREFRAME_COLOR 0.109804	0.109804	0.694118
}
*GEOMOBJECT {
	*NODE_NAME "Bip01 L Toe0"
	*NODE_PARENT "Bip01 L Foot"
	*NODE_TM {
		*NODE_NAME "Bip01 L Toe0"
		*TM_ROW0 0.139798	-0.989085	-0.046550
		*TM_ROW1 0.001620	-0.046783	0.998904
		*TM_ROW2 -0.990179	-0.139720	-0.004938
		*TM_ROW3 21.167963	-4.561437	0.062918
		*TM_POS 21.167963	-4.561437	0.062918
		*TM_ROTAXIS -0.639677	0.530129	0.556576
		*TM_ROTANGLE 2.044249
		*TM_SCALE 1.000000	1.000000	1.000000
		*TM_SCALEAXIS 0.617234	-0.000000	-0.786780
		*TM_SCALEAXISANG 0.126434
	}
	*WIREFRAME_COLOR 0.423529	0.031373	0.533333
}
*HELPEROBJECT {
	*NODE_NAME "Dummy04"
	*NODE_PARENT "Bip01 L Toe0"
	*HELPER_CLASS "Dummy"
	*NODE_TM {
		*NODE_NAME "Dummy04"
		*TM_ROW0 0.139798	-0.989085	-0.046550
		*TM_ROW1 0.001620	-0.046783	0.998904
		*TM_ROW2 0.990179	0.139720	0.004938
		*TM_ROW3 21.356905	-5.898218	0.000005
		*TM_POS 21.356905	-5.898218	0.000005
		*TM_ROTAXIS -0.513966	-0.620173	0.592642
		*TM_ROTANGLE 4.131250
		*TM_SCALE 1.000000	1.000000	1.000000
		*TM_SCALEAXIS -0.617234	0.000000	-0.786780
		*TM_SCALEAXISANG 0.126434
	}
	*BOUNDINGBOX_MIN 20.990303	-6.184031	-0.349662
	*BOUNDINGBOX_MAX 21.723507	-5.612405	0.349671
}
*GEOMOBJECT {
	*NODE_NAME "Bip01 R Thigh"
	*NODE_PARENT "Bip01 Spine"
	*NODE_TM {
		*NODE_NAME "Bip01 R Thigh"
		*TM_ROW0 -0.126005	0.029127	-0.991602
		*TM_ROW1 -0.073200	-0.997117	-0.019987
		*TM_ROW2 -0.989325	0.070066	0.127773
		*TM_ROW3 -9.149371	7.557418	100.268585
		*TM_POS -9.149371	7.557418	100.268585
		*TM_ROTAXIS 0.660562	-0.016700	-0.750586
		*TM_ROTANGLE 3.073375
		*TM_SCALE 1.000000	1.000000	1.000000
		*TM_SCALEAXIS -0.025081	-0.999685	0.000000
		*TM_SCALEAXISANG 0.204813
	}
	*WIREFRAME_COLOR 0.023529	0.525490	0.023529
}
*GEOMOBJECT {
	*NODE_NAME "Bip01 R Calf"
	*NODE_PARENT "Bip01 R Thigh"
	*NODE_TM {
		*NODE_NAME "Bip01 R Calf"
		*TM_ROW0 -0.113947	0.174619	-0.978021
		*TM_ROW1 -0.090838	-0.982140	-0.164771
		*TM_ROW2 -0.989325	0.070066	0.127773
		*TM_ROW3 -14.107004	8.703404	61.254169
		*TM_POS -14.107004	8.703404	61.254169
		*TM_ROTAXIS 0.662253	0.031880	-0.748602
		*TM_ROTANGLE 2.963348
		*TM_SCALE 1.000000	1.000000	1.000000
		*TM_SCALEAXIS 0.987722	0.103990	0.116581
		*TM_SCALEAXISANG 0.149628
	}
	*WIREFRAME_COLOR 0.023529	0.525490	0.023529
}
*GEOMOBJECT {
	*NODE_NAME "Bip01 R Foot"
	*NODE_PARENT "Bip01 R Calf"
	*NODE_TM {
		*NODE_NAME "Bip01 R Foot"
		*TM_ROW0 -0.018389	0.028688	-0.999419
		*TM_ROW1 -0.089759	-0.995599	-0.026927
		*TM_ROW2 -0.995794	0.089212	0.020883
		*TM_ROW3 -19.701511	17.276789	13.235633
		*TM_POS -19.701511	17.276789	13.235633
		*TM_ROTAXIS 0.699947	-0.021850	-0.713860
		*TM_ROTANGLE 3.058535
		*TM_SCALE 1.000000	1.000000	1.000000
		*TM_SCALEAXIS 0.762644	-0.000000	-0.646818
		*TM_SCALEAXISANG 0.138709
	}
	*WIREFRAME_COLOR 0.023529	0.525490	0.023529
}
*GEOMOBJECT {
	*NODE_NAME "Bip01 R Toe0"
	*NODE_PARENT "Bip01 R Foot"
	*NODE_TM {
		*NODE_NAME "Bip01 R Toe0"
		*TM_ROW0 -0.089759	-0.995599	-0.026927
		*TM_ROW1 0.018389	-0.028688	0.999419
		*TM_ROW2 -0.995794	0.089212	0.020883
		*TM_ROW3 -21.966185	-4.905147	0.006498
		*TM_POS -21.966185	-4.905147	0.006498
		*TM_ROTAXIS 0.544405	-0.579490	-0.606477
		*TM_ROTANGLE 4.131482
		*TM_SCALE 1.000000	1.000000	1.000000
		*TM_SCALEAXIS -0.000000	-0.762644	-0.646818
		*TM_SCALEAXISANG 0.138709
	}
	*WIREFRAME_COLOR 0.443137	0.525490	0.023529
}
*HELPEROBJECT {
	*NODE_NAME "Dummy03"
	*NODE_PARENT "Bip01 R Toe0"
	*HELPER_CLASS "Dummy"
	*NODE_TM {
		*NODE_NAME "Dummy03"
		*TM_ROW0 -0.089759	-0.995599	-0.026927
		*TM_ROW1 0.018389	-0.028688	0.999419
		*TM_ROW2 -0.995794	0.089212	0.020883
		*TM_ROW3 -22.087498	-6.250732	-0.029895
		*TM_POS -22.087498	-6.250732	-0.029895
		*TM_ROTAXIS 0.544405	-0.579490	-0.606477
		*TM_ROTANGLE 4.131482
		*TM_SCALE 1.000000	1.000000	1.000000
		*TM_SCALEAXIS -0.000000	-0.762644	-0.646818
		*TM_SCALEAXISANG 0.138709
	}
	*BOUNDINGBOX_MIN -22.450392	-6.514832	-0.380703
	*BOUNDINGBOX_MAX -21.724604	-5.986631	0.320914
}
*GEOMOBJECT {
	*NODE_NAME "zm_Schmied"
	*NODE_TM {
		*NODE_NAME "zm_Schmied"
		*TM_ROW0 -0.000001	-0.000000	1.000000
		*TM_ROW1 0.000003	-1.000000	-0.000000
		*TM_ROW2 1.000000	0.000003	0.000001
		*TM_ROW3 0.000000	1.456082	83.813286
		*TM_POS 0.000000	1.456082	83.813286
		*TM_ROTAXIS -0.707106	-0.000001	-0.707107
		*TM_ROTANGLE 3.141595
		*TM_SCALE 1.000000	1.000000	1.000000
		*TM_SCALEAXIS 0.000000	0.000000	0.000000
		*TM_SCALEAXISANG 0.000000
	}
	*MATERIAL_REF 0
	*MESH_SOFTSKIN {
		*TIMEVALUE 0
		*MESH_NUMVERTEX 407
		*MESH_NUMFACES 800
		*MESH_VERTEX_LIST {
			*MESH_VERTEX    0	-16.260447	8.555116	110.053314
			*MESH_VERTEX    1	0.209403	-6.770730	109.791283
			*MESH_VERTEX    2	-0.278714	19.478855	110.337357
			*MESH_VERTEX    3	-12.221323	-3.215876	110.138420
			*MESH_VERTEX    4	-10.333515	16.559353	110.139801
			*MESH_VERTEX    5	16.067793	10.327336	110.041344
			*MESH_VERTEX    6	12.859531	-1.820958	110.086319
			*MESH_VERTEX    7	9.289096	17.659252	110.072624
			*MESH_VERTEX    8	-15.509385	8.609401	115.887787
			*MESH_VERTEX    9	0.230732	-6.812046	115.075905
			*MESH_VERTEX   10	-0.172685	18.744495	115.596733
			*MESH_VERTEX   11	-12.144531	-2.673512	115.269043
			*MESH_VERTEX   12	-9.762987	16.064159	115.715660
			*MESH_VERTEX   13	15.491635	10.630216	115.574364
			*MESH_VERTEX   14	12.617061	-1.771050	115.049965
			*MESH_VERTEX   15	8.751377	17.281830	115.526337
			*MESH_VERTEX   16	-11.342001	-2.949530	55.303036
			*MESH_VERTEX   17	-18.526762	-3.003057	56.176426
			*MESH_VERTEX   18	-8.337859	18.397249	34.689812
			*MESH_VERTEX   19	-11.461067	15.166959	16.167007
			*MESH_VERTEX   20	-22.825031	16.814108	17.580200
			*MESH_VERTEX   21	-23.158850	17.985592	36.466194
			*MESH_VERTEX   22	-14.693106	23.812057	16.741068
			*MESH_VERTEX   23	-15.040476	22.708767	37.938656
			*MESH_VERTEX   24	-19.308731	9.706886	16.001858
			*MESH_VERTEX   25	-24.065811	11.810408	35.671467
			*MESH_VERTEX   26	-8.145555	12.019093	32.888592
			*MESH_VERTEX   27	-15.436142	9.832003	15.565134
			*MESH_VERTEX   28	-21.513367	7.897905	86.621071
			*MESH_VERTEX   29	-12.052596	18.140205	84.969955
			*MESH_VERTEX   30	-0.685204	4.736555	83.550560
			*MESH_VERTEX   31	-6.887609	-7.109048	85.684067
			*MESH_VERTEX   32	-15.681024	-3.698492	87.335793
			*MESH_VERTEX   33	-3.728632	17.207142	84.635406
			*MESH_VERTEX   34	-21.771343	8.575933	61.524178
			*MESH_VERTEX   35	-18.111811	16.182570	61.772614
			*MESH_VERTEX   36	-9.919868	16.266085	60.702873
			*MESH_VERTEX   37	-4.795231	8.887865	59.976856
			*MESH_VERTEX   38	-10.240063	-7.386023	61.554142
			*MESH_VERTEX   39	-17.640139	-5.769093	62.455791
			*MESH_VERTEX   40	-13.939734	2.622053	32.051514
			*MESH_VERTEX   41	-19.444376	1.840845	33.221703
			*MESH_VERTEX   42	-20.557308	23.868332	17.328653
			*MESH_VERTEX   43	10.890393	-2.837844	55.836121
			*MESH_VERTEX   44	18.198423	-2.499426	57.089504
			*MESH_VERTEX   45	8.062933	18.356354	35.657146
			*MESH_VERTEX   46	11.402536	17.029785	16.317825
			*MESH_VERTEX   47	23.108002	17.389156	17.942453
			*MESH_VERTEX   48	22.532866	18.965612	36.810001
			*MESH_VERTEX   49	13.144461	23.917816	17.471638
			*MESH_VERTEX   50	16.211176	23.275633	38.704514
			*MESH_VERTEX   51	20.277163	10.124535	16.269323
			*MESH_VERTEX   52	23.371689	12.797360	36.714436
			*MESH_VERTEX   53	7.731778	12.245653	33.537960
			*MESH_VERTEX   54	15.958597	10.018600	15.621390
			*MESH_VERTEX   55	20.692753	7.045766	87.182251
			*MESH_VERTEX   56	11.874361	17.557014	85.526871
			*MESH_VERTEX   57	6.617823	-7.225423	86.462883
			*MESH_VERTEX   58	15.307232	-3.532946	88.020561
			*MESH_VERTEX   59	3.121140	17.447968	84.897911
			*MESH_VERTEX   60	21.071819	9.219179	61.953468
			*MESH_VERTEX   61	17.093540	16.684998	62.161343
			*MESH_VERTEX   62	8.943926	16.362623	61.082573
			*MESH_VERTEX   63	5.156617	8.705105	60.421711
			*MESH_VERTEX   64	10.392265	-7.252037	61.874775
			*MESH_VERTEX   65	17.508665	-5.274251	62.793671
			*MESH_VERTEX   66	13.867174	3.052223	32.515839
			*MESH_VERTEX   67	19.174978	2.723793	34.121597
			*MESH_VERTEX   68	19.906784	24.267683	18.280704
			*MESH_VERTEX   69	-0.071601	9.119040	90.265694
			*MESH_VERTEX   70	-13.923911	-2.141099	99.480530
			*MESH_VERTEX   71	-0.497081	22.151924	92.059525
			*MESH_VERTEX   72	-19.476700	9.521078	99.549225
			*MESH_VERTEX   73	-10.172748	20.416260	103.148445
			*MESH_VERTEX   74	4.402431	-5.856922	98.158043
			*MESH_VERTEX   75	-4.716594	20.399988	88.013435
			*MESH_VERTEX   76	13.564713	-2.246828	100.744080
			*MESH_VERTEX   77	18.809196	8.750927	100.250076
			*MESH_VERTEX   78	9.790532	19.697905	102.980843
			*MESH_VERTEX   79	3.948455	20.016066	87.966637
			*MESH_VERTEX   80	-0.477105	22.252256	103.375198
			*MESH_VERTEX   81	-12.992105	17.820055	90.664917
			*MESH_VERTEX   82	12.790357	17.933317	91.008385
			*MESH_VERTEX   83	17.424215	13.065363	92.127502
			*MESH_VERTEX   84	-17.839493	12.668698	91.432953
			*MESH_VERTEX   85	13.559426	17.361488	97.025192
			*MESH_VERTEX   86	7.225981	21.136803	96.772339
			*MESH_VERTEX   87	-14.929970	16.243450	96.578354
			*MESH_VERTEX   88	-8.114712	21.808836	96.897667
			*MESH_VERTEX   89	-0.514671	22.863724	97.783691
			*MESH_VERTEX   90	-4.375676	-5.520092	97.880852
			*MESH_VERTEX   91	21.900255	6.493076	145.275284
			*MESH_VERTEX   92	17.587986	20.664289	150.831116
			*MESH_VERTEX   93	19.464010	24.238974	142.414520
			*MESH_VERTEX   94	22.131222	12.129471	154.368057
			*MESH_VERTEX   95	17.901760	3.859158	140.219894
			*MESH_VERTEX   96	20.077478	16.643539	138.171402
			*MESH_VERTEX   97	19.013288	10.406716	137.857498
			*MESH_VERTEX   98	-20.558342	6.305822	145.222504
			*MESH_VERTEX   99	-15.965957	21.267574	149.525848
			*MESH_VERTEX  100	-19.427931	24.482738	142.718094
			*MESH_VERTEX  101	-21.244171	11.752211	154.678955
			*MESH_VERTEX  102	-17.119974	3.711811	140.336716
			*MESH_VERTEX  103	-19.674982	16.575880	138.566040
			*MESH_VERTEX  104	-18.388443	10.361514	138.169876
			*MESH_VERTEX  105	18.777351	6.837765	148.989807
			*MESH_VERTEX  106	-12.074876	-1.194603	140.711426
			*MESH_VERTEX  107	-5.492362	10.956247	156.618027
			*MESH_VERTEX  108	-6.697386	16.571951	157.029129
			*MESH_VERTEX  109	0.292334	22.292572	138.953415
			*MESH_VERTEX  110	-14.423666	20.964302	140.331833
			*MESH_VERTEX  111	0.519213	3.861218	151.022964
			*MESH_VERTEX  112	0.724251	16.161673	168.699539
			*MESH_VERTEX  113	-2.907790	15.214437	168.057404
			*MESH_VERTEX  114	-4.598613	7.217518	163.009735
			*MESH_VERTEX  115	0.466609	-4.444292	140.155899
			*MESH_VERTEX  116	-15.674424	5.889824	151.653351
			*MESH_VERTEX  117	0.243649	5.674603	162.255035
			*MESH_VERTEX  118	0.462504	18.816175	156.907669
			*MESH_VERTEX  119	-6.082109	10.517045	165.105972
			*MESH_VERTEX  120	13.263416	-1.616125	140.821045
			*MESH_VERTEX  121	6.707446	11.284110	156.528870
			*MESH_VERTEX  122	7.791654	16.961103	156.923111
			*MESH_VERTEX  123	16.091394	21.298903	140.910690
			*MESH_VERTEX  124	4.397963	14.661284	168.112366
			*MESH_VERTEX  125	5.126215	6.662324	163.322586
			*MESH_VERTEX  126	6.853953	9.633309	165.306686
			*MESH_VERTEX  127	0.069160	-7.958247	127.032532
			*MESH_VERTEX  128	-12.126631	22.004940	126.801910
			*MESH_VERTEX  129	-17.580896	8.884253	125.642319
			*MESH_VERTEX  130	-12.092593	-3.235437	127.816803
			*MESH_VERTEX  131	-0.248297	23.773373	126.207718
			*MESH_VERTEX  132	11.848417	22.693333	126.601784
			*MESH_VERTEX  133	18.143307	9.974959	125.457428
			*MESH_VERTEX  134	12.558263	-2.583914	127.448051
			*MESH_VERTEX  135	7.960251	18.792805	15.633572
			*MESH_VERTEX  136	25.523102	19.425705	17.337009
			*MESH_VERTEX  137	10.963570	28.019913	17.121300
			*MESH_VERTEX  138	21.624002	4.978263	16.110107
			*MESH_VERTEX  139	15.259239	4.755552	15.378576
			*MESH_VERTEX  140	21.506096	28.672440	18.034889
			*MESH_VERTEX  141	-8.507578	18.207193	15.512928
			*MESH_VERTEX  142	-26.590120	20.780590	17.257433
			*MESH_VERTEX  143	-12.432510	27.557964	16.555952
			*MESH_VERTEX  144	-21.196594	3.939770	15.900881
			*MESH_VERTEX  145	-13.794123	4.093068	15.379192
			*MESH_VERTEX  146	-22.504028	27.665091	17.405731
			*MESH_VERTEX  147	-17.775467	8.546102	117.724571
			*MESH_VERTEX  148	-12.648085	19.932131	117.380981
			*MESH_VERTEX  149	-0.247511	22.202820	116.999527
			*MESH_VERTEX  150	17.846165	10.121306	117.465164
			*MESH_VERTEX  151	11.714980	20.945858	117.163719
			*MESH_VERTEX  152	0.296480	21.295879	149.412506
			*MESH_VERTEX  153	-8.129179	18.868637	155.465820
			*MESH_VERTEX  154	-10.123762	7.291437	154.109451
			*MESH_VERTEX  155	-10.194660	12.029397	156.645325
			*MESH_VERTEX  156	9.524796	19.206320	155.612167
			*MESH_VERTEX  157	11.730512	12.392447	156.765945
			*MESH_VERTEX  158	11.768862	7.727731	154.181580
			*MESH_VERTEX  159	0.346548	21.517637	153.288071
			*MESH_VERTEX  160	-8.057773	10.135475	158.605301
			*MESH_VERTEX  161	0.499027	20.150152	159.913361
			*MESH_VERTEX  162	8.243735	17.744539	160.234848
			*MESH_VERTEX  163	9.513975	10.475060	158.611115
			*MESH_VERTEX  164	6.885798	4.818430	151.331696
			*MESH_VERTEX  165	-5.092688	4.564083	151.241440
			*MESH_VERTEX  166	-6.889072	17.389328	160.202408
			*MESH_VERTEX  167	18.409189	7.209506	138.429077
			*MESH_VERTEX  168	24.502003	6.692094	141.916809
			*MESH_VERTEX  169	25.959723	21.023880	118.517105
			*MESH_VERTEX  170	27.633572	21.369734	146.743759
			*MESH_VERTEX  171	16.571842	13.387628	137.810669
			*MESH_VERTEX  172	27.519802	7.535203	145.579468
			*MESH_VERTEX  173	29.115967	18.647842	118.595123
			*MESH_VERTEX  174	19.370050	14.744101	118.753876
			*MESH_VERTEX  175	21.269667	20.493870	118.478416
			*MESH_VERTEX  176	27.921751	11.269650	119.211395
			*MESH_VERTEX  177	24.220594	9.581541	119.356827
			*MESH_VERTEX  178	19.924625	10.930836	119.128067
			*MESH_VERTEX  179	29.827547	12.543867	147.829941
			*MESH_VERTEX  180	29.406874	14.354631	118.917519
			*MESH_VERTEX  181	15.244339	19.404789	137.445190
			*MESH_VERTEX  182	23.316719	23.834923	131.540634
			*MESH_VERTEX  183	21.671274	24.538895	139.662018
			*MESH_VERTEX  184	15.881464	15.035108	129.575485
			*MESH_VERTEX  185	17.309406	13.524739	136.070496
			*MESH_VERTEX  186	30.662672	12.450917	141.281097
			*MESH_VERTEX  187	30.303036	13.110457	131.062988
			*MESH_VERTEX  188	28.454494	20.545187	131.475525
			*MESH_VERTEX  189	28.604185	20.992403	141.451538
			*MESH_VERTEX  190	27.469213	7.558148	140.288940
			*MESH_VERTEX  191	27.234522	8.654252	130.722687
			*MESH_VERTEX  192	23.225975	6.874839	138.625580
			*MESH_VERTEX  193	23.210211	7.978472	130.019806
			*MESH_VERTEX  194	19.129761	7.722113	136.720886
			*MESH_VERTEX  195	17.161297	9.899700	129.273636
			*MESH_VERTEX  196	16.624046	20.928741	130.200638
			*MESH_VERTEX  197	16.717388	19.818913	135.867691
			*MESH_VERTEX  198	25.070013	24.452517	119.442993
			*MESH_VERTEX  199	23.728746	25.139942	130.633804
			*MESH_VERTEX  200	16.498146	14.030457	119.105148
			*MESH_VERTEX  201	14.772811	15.107117	128.349731
			*MESH_VERTEX  202	31.086681	19.974888	119.339828
			*MESH_VERTEX  203	29.203522	21.482628	130.255798
			*MESH_VERTEX  204	19.117357	22.132301	118.626183
			*MESH_VERTEX  205	15.912109	21.980299	129.237244
			*MESH_VERTEX  206	31.532564	13.021517	129.872360
			*MESH_VERTEX  207	31.645569	14.009464	119.795914
			*MESH_VERTEX  208	28.359159	8.474989	129.545288
			*MESH_VERTEX  209	29.478745	9.457710	119.831627
			*MESH_VERTEX  210	23.454573	6.869652	128.609894
			*MESH_VERTEX  211	24.213484	7.117920	119.955521
			*MESH_VERTEX  212	16.226925	9.182874	128.003525
			*MESH_VERTEX  213	17.760084	9.488372	119.595802
			*MESH_VERTEX  214	28.980070	17.457870	115.795959
			*MESH_VERTEX  215	26.147276	19.595081	115.288918
			*MESH_VERTEX  216	19.927048	14.312506	116.639778
			*MESH_VERTEX  217	21.834854	19.084146	115.358536
			*MESH_VERTEX  218	27.668064	10.941584	117.763023
			*MESH_VERTEX  219	24.234758	9.305325	118.242836
			*MESH_VERTEX  220	20.329359	10.621166	117.798012
			*MESH_VERTEX  221	29.885015	14.967413	106.485878
			*MESH_VERTEX  222	25.954945	16.465748	106.051994
			*MESH_VERTEX  223	17.989952	12.382039	108.521904
			*MESH_VERTEX  224	20.091698	16.055040	106.764725
			*MESH_VERTEX  225	28.554579	6.987890	110.165909
			*MESH_VERTEX  226	23.885595	5.240303	111.217094
			*MESH_VERTEX  227	18.640846	6.890152	110.882187
			*MESH_VERTEX  228	29.171488	13.929381	116.918587
			*MESH_VERTEX  229	30.240849	10.726569	108.305664
			*MESH_VERTEX  230	25.416676	5.847156	91.018463
			*MESH_VERTEX  231	22.508591	6.367815	91.144981
			*MESH_VERTEX  232	20.440996	3.429232	92.654076
			*MESH_VERTEX  233	26.989632	2.226140	92.832809
			*MESH_VERTEX  234	25.308136	-0.605998	94.321289
			*MESH_VERTEX  235	21.657242	-1.196473	94.415787
			*MESH_VERTEX  236	20.450745	5.427545	84.795624
			*MESH_VERTEX  237	16.936916	-0.883591	90.420341
			*MESH_VERTEX  238	26.906525	0.659621	81.658249
			*MESH_VERTEX  239	23.054625	-7.637512	84.940491
			*MESH_VERTEX  240	20.272284	-5.450228	87.726524
			*MESH_VERTEX  241	22.458359	4.904461	87.613968
			*MESH_VERTEX  242	19.407648	-3.413963	92.012703
			*MESH_VERTEX  243	25.503223	4.328141	86.590164
			*MESH_VERTEX  244	16.095673	-5.250299	81.990303
			*MESH_VERTEX  245	20.830912	2.576457	79.631676
			*MESH_VERTEX  246	21.825289	-7.691189	83.514603
			*MESH_VERTEX  247	25.771166	0.903424	80.510590
			*MESH_VERTEX  248	17.860403	-5.916954	87.665321
			*MESH_VERTEX  249	15.424978	-4.242692	86.222939
			*MESH_VERTEX  250	19.107731	-5.540246	82.680275
			*MESH_VERTEX  251	17.077259	-3.940696	81.827667
			*MESH_VERTEX  252	17.912867	-7.039619	82.709999
			*MESH_VERTEX  253	-17.060452	7.559124	138.442810
			*MESH_VERTEX  254	-23.247885	6.387875	141.929153
			*MESH_VERTEX  255	-27.722338	18.905951	119.103874
			*MESH_VERTEX  256	-27.352692	20.889299	147.244354
			*MESH_VERTEX  257	-15.928761	13.937363	137.698074
			*MESH_VERTEX  258	-26.273287	6.939595	145.723434
			*MESH_VERTEX  259	-30.391876	16.022095	119.474007
			*MESH_VERTEX  260	-20.134844	13.881032	118.785934
			*MESH_VERTEX  261	-23.030704	19.205662	118.679108
			*MESH_VERTEX  262	-27.887886	8.969220	119.892441
			*MESH_VERTEX  263	-23.957731	7.939941	119.646088
			*MESH_VERTEX  264	-19.989128	10.022229	119.118599
			*MESH_VERTEX  265	-28.908030	11.784095	148.181061
			*MESH_VERTEX  266	-29.900196	11.751760	119.801109
			*MESH_VERTEX  267	-15.267492	20.094227	137.243088
			*MESH_VERTEX  268	-24.744255	22.744225	131.408890
			*MESH_VERTEX  269	-22.768206	24.257793	139.510681
			*MESH_VERTEX  270	-16.036833	15.237706	129.394882
			*MESH_VERTEX  271	-16.749968	14.014573	135.966705
			*MESH_VERTEX  272	-29.641798	11.054817	142.000656
			*MESH_VERTEX  273	-29.800301	10.979400	131.922058
			*MESH_VERTEX  274	-29.240999	18.636456	131.842331
			*MESH_VERTEX  275	-28.779589	19.834148	141.798050
			*MESH_VERTEX  276	-25.835119	6.634127	140.988312
			*MESH_VERTEX  277	-26.028521	7.094777	131.600266
			*MESH_VERTEX  278	-21.601448	6.522577	139.119675
			*MESH_VERTEX  279	-21.989157	7.073572	130.666611
			*MESH_VERTEX  280	-17.883427	8.009210	136.759201
			*MESH_VERTEX  281	-16.417019	9.955432	129.425568
			*MESH_VERTEX  282	-17.748672	20.938736	129.780746
			*MESH_VERTEX  283	-16.873899	20.361530	135.683121
			*MESH_VERTEX  284	-27.398455	22.437136	119.785202
			*MESH_VERTEX  285	-25.436825	23.903378	130.471924
			*MESH_VERTEX  286	-17.162495	13.685997	118.900986
			*MESH_VERTEX  287	-15.032930	15.439335	128.090439
			*MESH_VERTEX  288	-32.508110	16.977892	120.284721
			*MESH_VERTEX  289	-30.215954	19.349857	130.640503
			*MESH_VERTEX  290	-21.200146	21.193865	118.610405
			*MESH_VERTEX  291	-17.295662	22.045389	128.722031
			*MESH_VERTEX  292	-31.055164	10.601437	130.830093
			*MESH_VERTEX  293	-31.964136	11.020720	120.838997
			*MESH_VERTEX  294	-27.157980	6.652360	130.512650
			*MESH_VERTEX  295	-29.041765	6.917232	120.652016
			*MESH_VERTEX  296	-22.102772	5.861368	129.325272
			*MESH_VERTEX  297	-23.465528	5.521512	120.247704
			*MESH_VERTEX  298	-15.440626	9.349209	128.120148
			*MESH_VERTEX  299	-17.568171	8.991365	119.439751
			*MESH_VERTEX  300	-30.305237	15.078087	117.064728
			*MESH_VERTEX  301	-27.923790	17.681166	116.429771
			*MESH_VERTEX  302	-20.834799	13.419093	116.633003
			*MESH_VERTEX  303	-23.605661	17.889519	115.998299
			*MESH_VERTEX  304	-27.764788	8.739044	118.268066
			*MESH_VERTEX  305	-24.086039	7.657624	118.204262
			*MESH_VERTEX  306	-20.515045	9.631221	117.464699
			*MESH_VERTEX  307	-32.089550	13.520044	107.953979
			*MESH_VERTEX  308	-28.518974	15.672562	107.240501
			*MESH_VERTEX  309	-19.773888	12.665556	108.113037
			*MESH_VERTEX  310	-22.614796	16.131516	107.149925
			*MESH_VERTEX  311	-29.106623	5.482912	110.309692
			*MESH_VERTEX  312	-24.130655	4.399738	110.519379
			*MESH_VERTEX  313	-19.279936	6.902110	109.762474
			*MESH_VERTEX  314	-29.806528	11.493575	117.876717
			*MESH_VERTEX  315	-31.564842	9.093332	109.205833
			*MESH_VERTEX  316	-28.661352	7.084240	90.858017
			*MESH_VERTEX  317	-25.875034	8.065378	90.707413
			*MESH_VERTEX  318	-23.202507	5.380322	91.624748
			*MESH_VERTEX  319	-29.410894	3.103781	92.432419
			*MESH_VERTEX  320	-27.135563	0.462949	93.390198
			*MESH_VERTEX  321	-23.457230	0.483261	93.015274
			*MESH_VERTEX  322	-24.508621	7.912720	84.008827
			*MESH_VERTEX  323	-19.377319	1.906163	88.635361
			*MESH_VERTEX  324	-30.460508	2.352295	81.185638
			*MESH_VERTEX  325	-24.972075	-5.386199	83.294975
			*MESH_VERTEX  326	-22.252825	-2.956344	85.941856
			*MESH_VERTEX  327	-26.047657	6.869771	86.981911
			*MESH_VERTEX  328	-21.201382	-1.108807	90.254402
			*MESH_VERTEX  329	-29.065483	5.863906	86.249725
			*MESH_VERTEX  330	-18.892788	-1.673068	79.811501
			*MESH_VERTEX  331	-25.058094	5.392851	78.684174
			*MESH_VERTEX  332	-23.933025	-5.139356	81.732643
			*MESH_VERTEX  333	-29.526484	2.860061	79.947052
			*MESH_VERTEX  334	-19.823235	-3.007297	85.578064
			*MESH_VERTEX  335	-17.877918	-0.855395	84.029144
			*MESH_VERTEX  336	-21.712948	-2.510709	80.800240
			*MESH_VERTEX  337	-20.081261	-0.537981	79.875992
			*MESH_VERTEX  338	-20.301939	-3.787363	80.563690
			*MESH_VERTEX  339	13.392504	17.450123	17.959835
			*MESH_VERTEX  340	21.947918	17.416304	18.164635
			*MESH_VERTEX  341	14.520893	21.943707	18.904972
			*MESH_VERTEX  342	21.270750	12.088638	17.232817
			*MESH_VERTEX  343	15.645373	11.044344	16.983267
			*MESH_VERTEX  344	10.866316	16.704048	16.278961
			*MESH_VERTEX  345	23.832718	16.581459	16.529696
			*MESH_VERTEX  346	17.910995	24.597164	19.914000
			*MESH_VERTEX  347	18.437677	7.596699	17.520555
			*MESH_VERTEX  348	11.017951	16.667131	10.245331
			*MESH_VERTEX  349	25.155462	17.350994	10.765621
			*MESH_VERTEX  350	20.166618	27.170904	11.428159
			*MESH_VERTEX  351	19.314297	6.878048	13.035381
			*MESH_VERTEX  352	15.241852	2.694281	8.258581
			*MESH_VERTEX  353	22.883553	-5.579263	5.748422
			*MESH_VERTEX  354	19.821877	-7.782843	1.133641
			*MESH_VERTEX  355	23.780962	-4.671664	-0.106130
			*MESH_VERTEX  356	24.482498	3.385428	8.592250
			*MESH_VERTEX  357	23.500612	23.550301	1.090029
			*MESH_VERTEX  358	12.132006	22.662415	0.815691
			*MESH_VERTEX  359	15.363979	-5.075469	-0.189051
			*MESH_VERTEX  360	25.980186	5.243094	0.639417
			*MESH_VERTEX  361	20.733841	26.174328	1.794439
			*MESH_VERTEX  362	11.900816	4.508938	0.271882
			*MESH_VERTEX  363	18.705017	22.721272	19.883364
			*MESH_VERTEX  364	12.425241	10.892966	16.315020
			*MESH_VERTEX  365	23.078762	10.038713	17.134859
			*MESH_VERTEX  366	11.736481	20.406765	18.132545
			*MESH_VERTEX  367	22.641453	22.082649	18.612198
			*MESH_VERTEX  368	17.377522	-6.010746	5.531289
			*MESH_VERTEX  369	-13.429040	16.806499	16.959454
			*MESH_VERTEX  370	-22.664799	16.472466	17.570061
			*MESH_VERTEX  371	-15.888678	21.591145	18.588732
			*MESH_VERTEX  372	-19.033619	9.912461	16.948879
			*MESH_VERTEX  373	-16.447315	9.656687	16.730507
			*MESH_VERTEX  374	-11.528751	16.324200	15.820312
			*MESH_VERTEX  375	-24.592392	15.263975	15.991979
			*MESH_VERTEX  376	-16.794109	24.323517	18.389816
			*MESH_VERTEX  377	-18.937317	6.734921	17.132351
			*MESH_VERTEX  378	-11.784617	16.191349	9.814887
			*MESH_VERTEX  379	-25.916697	16.033587	10.241069
			*MESH_VERTEX  380	-16.021233	26.548725	10.932488
