*3DSMAX_ASCIIEXPORT	108
*COMMENT " [Zengine ASC Exporter v1.08] AsciiExport Version  1,08 - Tue Mar 05 10:13:20 2002"
*SCENE {
	*SCENE_FILENAME "Buergermeisterin.max"
	*SCENE_FIRSTFRAME 0
	*SCENE_LASTFRAME 100
	*SCENE_FRAMESPEED 25
	*SCENE_TICKSPERFRAME 192
	*SCENE_ENVMAP {
		*MAP_NAME "Map #5"
		*MAP_CLASS "Bitmap"
		*MAP_SUBNO 0
		*MAP_AMOUNT 1.000000
		*BITMAP "256.tga"
		*MAP_TYPE Spherical
		*UVW_U_OFFSET 0.000000
		*UVW_V_OFFSET 0.000000
		*UVW_U_TILING 1.000000
		*UVW_V_TILING 1.000000
		*UVW_ANGLE 0.000000
		*UVW_BLUR 1.000000
		*UVW_BLUR_OFFSET 0.000000
		*UVW_NOUSE_AMT 1.000000
		*UVW_NOISE_SIZE 1.000000
		*UVW_NOISE_LEVEL 1
		*UVW_NOISE_PHASE 0.000000
		*BITMAP_FILTER Pyramidal
	}
	*SCENE_AMBIENT_STATIC 0.717647	0.686275	0.650980
}
*MATERIAL_LIST {
	*MATERIAL_COUNT 1
	*MATERIAL 0 {
		*MATERIAL_NAME "Material #348"
		*MATERIAL_CLASS "Multi/Sub-Object"
		*MATERIAL_AMBIENT 0.176471	0.176471	0.176471
		*MATERIAL_DIFFUSE 0.925490	0.756863	0.662745
		*MATERIAL_SPECULAR 0.900000	0.900000	0.900000
		*MATERIAL_SHINE 0.010000
		*MATERIAL_SHINESTRENGTH 0.000000
		*MATERIAL_TRANSPARENCY 0.000000
		*MATERIAL_WIRESIZE 1.000000
		*NUMSUBMTLS 2
		*SUBMATERIAL 0 {
			*MATERIAL_NAME "Babe_v1_c1"
			*MATERIAL_CLASS "Standard"
			*MATERIAL_AMBIENT 0.176471	0.176471	0.176471
			*MATERIAL_DIFFUSE 0.925490	0.756863	0.662745
			*MATERIAL_SPECULAR 0.900000	0.900000	0.900000
			*MATERIAL_SHINE 0.000000
			*MATERIAL_SHINESTRENGTH 0.000000
			*MATERIAL_TRANSPARENCY 0.000000
			*MATERIAL_WIRESIZE 1.000000
			*MATERIAL_SHADING Blinn
			*MATERIAL_XP_FALLOFF 0.000000
			*MATERIAL_SELFILLUM 0.000000
			*MATERIAL_FALLOFF In
			*MATERIAL_XP_TYPE Filter
			*MAP_DIFFUSE {
				*MAP_NAME "Body"
				*MAP_CLASS "Bitmap"
				*MAP_SUBNO 1
				*MAP_AMOUNT 1.000000
				*BITMAP "Hum_Body_Naked_V0_C0.tga"
				*MAP_TYPE Screen
				*UVW_U_OFFSET 0.000000
				*UVW_V_OFFSET 0.000000
				*UVW_U_TILING 1.000000
				*UVW_V_TILING 1.000000
				*UVW_ANGLE 0.000000
				*UVW_BLUR 1.000000
				*UVW_BLUR_OFFSET 0.000000
				*UVW_NOUSE_AMT 1.000000
				*UVW_NOISE_SIZE 1.000000
				*UVW_NOISE_LEVEL 1
				*UVW_NOISE_PHASE 0.000000
				*BITMAP_FILTER Pyramidal
			}
		}
		*SUBMATERIAL 1 {
			*MATERIAL_NAME "V3_C3"
			*MATERIAL_CLASS "Standard"
			*MATERIAL_AMBIENT 0.588235	0.388235	0.176471
			*MATERIAL_DIFFUSE 0.925490	0.756863	0.662745
			*MATERIAL_SPECULAR 0.900000	0.900000	0.900000
			*MATERIAL_SHINE 0.000000
			*MATERIAL_SHINESTRENGTH 0.000000
			*MATERIAL_TRANSPARENCY 0.000000
			*MATERIAL_WIRESIZE 1.000000
			*MATERIAL_SHADING Blinn
			*MATERIAL_XP_FALLOFF 0.000000
			*MATERIAL_SELFILLUM 0.000000
			*MATERIAL_FALLOFF In
			*MATERIAL_XP_TYPE Filter
			*MAP_DIFFUSE {
				*MAP_NAME "kopf"
				*MAP_CLASS "Bitmap"
				*MAP_SUBNO 1
				*MAP_AMOUNT 1.000000
				*BITMAP "BuergerinKleid3_1.tga"
				*MAP_TYPE Screen
				*UVW_U_OFFSET 0.000000
				*UVW_V_OFFSET 0.000000
				*UVW_U_TILING 1.000000
				*UVW_V_TILING 1.000000
				*UVW_ANGLE 0.000000
				*UVW_BLUR 1.000000
				*UVW_BLUR_OFFSET 0.000000
				*UVW_NOUSE_AMT 1.000000
				*UVW_NOISE_SIZE 1.000000
				*UVW_NOISE_LEVEL 1
				*UVW_NOISE_PHASE 0.000000
				*BITMAP_FILTER Pyramidal
			}
		}
	}
}
*GEOMOBJECT {
	*NODE_NAME "Bip01"
	*NODE_TM {
		*NODE_NAME "Bip01"
		*TM_ROW0 0.024624	-0.993774	0.108663
		*TM_ROW1 0.999693	0.024771	-0.000000
		*TM_ROW2 -0.002692	0.108630	0.994079
		*TM_ROW3 -1.213586	6.469903	98.062218
		*TM_POS -1.213586	6.469903	98.062218
		*TM_ROTAXIS 0.054328	0.055691	0.996969
		*TM_ROTANGLE 1.549058
		*TM_SCALE 1.000000	1.000000	1.000000
		*TM_SCALEAXIS 0.000000	-0.950111	0.311912
		*TM_SCALEAXISANG 0.065194
	}
	*WIREFRAME_COLOR 0.650980	0.792157	0.941177
}
*GEOMOBJECT {
	*NODE_NAME "Bip01 Footsteps"
	*NODE_PARENT "Bip01"
	*NODE_TM {
		*NODE_NAME "Bip01 Footsteps"
		*TM_ROW0 1.000000	0.000000	0.000000
		*TM_ROW1 0.000000	1.000000	0.000000
		*TM_ROW2 0.000000	0.000000	1.000000
		*TM_ROW3 -1.213586	6.469903	-0.080462
		*TM_POS -1.213586	6.469903	-0.080462
		*TM_ROTAXIS 0.000000	0.000000	0.000000
		*TM_ROTANGLE 0.000000
		*TM_SCALE 1.000000	1.000000	1.000000
		*TM_SCALEAXIS 0.000000	0.000000	0.000000
		*TM_SCALEAXISANG 0.000000
	}
	*WIREFRAME_COLOR 0.650980	0.792157	0.941177
}
*GEOMOBJECT {
	*NODE_NAME "Bip01 Pelvis"
	*NODE_PARENT "Bip01"
	*NODE_TM {
		*NODE_NAME "Bip01 Pelvis"
		*TM_ROW0 -0.021914	0.108133	0.993895
		*TM_ROW1 0.024625	-0.993774	0.108663
		*TM_ROW2 0.999457	0.026856	0.019115
		*TM_ROW3 -1.499367	8.070391	97.886551
		*TM_POS -1.499367	8.070391	97.886551
		*TM_ROTAXIS -0.699003	-0.047522	-0.713538
		*TM_ROTANGLE 3.083042
		*TM_SCALE 1.000000	1.000000	1.000000
		*TM_SCALEAXIS 0.704691	-0.000004	-0.709514
		*TM_SCALEAXISANG 0.010222
	}
	*WIREFRAME_COLOR 0.878431	0.776471	0.341176
}
*GEOMOBJECT {
	*NODE_NAME "Bip01 Spine"
	*NODE_PARENT "Bip01 Pelvis"
	*NODE_TM {
		*NODE_NAME "Bip01 Spine"
		*TM_ROW0 0.011301	-0.043139	0.999005
		*TM_ROW1 0.019565	-0.998868	-0.043354
		*TM_ROW2 0.999745	0.020035	-0.010444
		*TM_ROW3 -1.507983	8.419761	100.264160
		*TM_POS -1.507983	8.419761	100.264160
		*TM_ROTAXIS -0.710918	0.008294	-0.703226
		*TM_ROTANGLE 3.186190
		*TM_SCALE 1.000000	1.000000	1.000000
		*TM_SCALEAXIS 0.000001	0.438758	0.898605
		*TM_SCALEAXISANG 0.050571
	}
	*WIREFRAME_COLOR 0.031373	0.431373	0.525490
}
*GEOMOBJECT {
	*NODE_NAME "Bip01 Spine1"
	*NODE_PARENT "Bip01 Spine"
	*NODE_TM {
		*NODE_NAME "Bip01 Spine1"
		*TM_ROW0 0.011281	0.031512	0.999440
		*TM_ROW1 0.018232	-0.999344	0.031303
		*TM_ROW2 0.999770	0.017869	-0.011848
		*TM_ROW3 -1.397109	8.006004	110.081261
		*TM_POS -1.397109	8.006004	110.081261
		*TM_ROTAXIS -0.711076	-0.017490	-0.702897
		*TM_ROTANGLE 3.132146
		*TM_SCALE 1.000000	1.000000	1.000000
		*TM_SCALEAXIS 0.000005	0.963089	-0.269185
		*TM_SCALEAXISANG 0.015924
	}
	*WIREFRAME_COLOR 0.031373	0.431373	0.525490
}
*GEOMOBJECT {
	*NODE_NAME "Bip01 Spine2"
	*NODE_PARENT "Bip01 Spine1"
	*NODE_TM {
		*NODE_NAME "Bip01 Spine2"
		*TM_ROW0 0.013736	0.043333	0.998966
		*TM_ROW1 0.009856	-0.999018	0.043200
		*TM_ROW2 0.999857	0.009253	-0.014150
		*TM_ROW3 -1.253069	8.432891	122.862869
		*TM_POS -1.253069	8.432891	122.862869
		*TM_ROTAXIS -0.711897	-0.018681	-0.702035
		*TM_ROTANGLE 3.117748
		*TM_SCALE 1.000000	1.000000	1.000000
		*TM_SCALEAXIS -0.468477	0.883476	-0.000001
		*TM_SCALEAXISANG 0.013944
	}
	*WIREFRAME_COLOR 0.031373	0.431373	0.525490
}
*GEOMOBJECT {
	*NODE_NAME "Bip01 Neck"
	*NODE_PARENT "Bip01 Spine2"
	*NODE_TM {
		*NODE_NAME "Bip01 Neck"
		*TM_ROW0 0.016280	-0.300965	0.953496
		*TM_ROW1 0.004564	-0.953591	-0.301072
		*TM_ROW2 0.999857	0.009253	-0.014151
		*TM_ROW3 -0.841233	9.737386	152.817535
		*TM_POS -0.841233	9.737386	152.817535
		*TM_ROTAXIS -0.708589	0.105859	-0.697636
		*TM_ROTANGLE 3.362355
		*TM_SCALE 1.000000	1.000000	1.000000
		*TM_SCALEAXIS 0.000000	0.227385	0.973805
		*TM_SCALEAXISANG 0.053333
	}
	*WIREFRAME_COLOR 0.031373	0.431373	0.525490
}
*GEOMOBJECT {
	*NODE_NAME "Bip01 Head"
	*NODE_PARENT "Bip01 Neck"
	*NODE_TM {
		*NODE_NAME "Bip01 Head"
		*TM_ROW0 -0.016420	-0.136856	0.990455
		*TM_ROW1 -0.040593	-0.989680	-0.137422
		*TM_ROW2 0.999041	-0.042462	0.010696
		*TM_ROW3 -0.729893	7.679022	159.338715
		*TM_POS -0.729893	7.679022	159.338715
		*TM_ROTAXIS -0.700860	0.063370	-0.710478
		*TM_ROTANGLE 3.209390
		*TM_SCALE 1.000000	1.000000	1.000000
		*TM_SCALEAXIS -0.038668	0.346504	0.937251
		*TM_SCALEAXISANG 0.111166
	}
	*WIREFRAME_COLOR 0.721569	0.894118	0.600000
}
*HELPEROBJECT {
	*NODE_NAME "Dummy05"
	*NODE_PARENT "Bip01 Head"
	*HELPER_CLASS "Dummy"
	*NODE_TM {
		*NODE_NAME "Dummy05"
		*TM_ROW0 -0.016420	-0.136856	0.990455
		*TM_ROW1 -0.040593	-0.989680	-0.137422
		*TM_ROW2 0.999041	-0.042462	0.010696
		*TM_ROW3 -1.099772	4.596258	181.649261
		*TM_POS -1.099772	4.596258	181.649261
		*TM_ROTAXIS -0.700860	0.063370	-0.710478
		*TM_ROTANGLE 3.209390
		*TM_SCALE 1.000000	1.000000	1.000000
		*TM_SCALEAXIS -0.038668	0.346504	0.937251
		*TM_SCALEAXISANG 0.111166
	}
	*BOUNDINGBOX_MIN -4.073298	1.304715	178.443390
	*BOUNDINGBOX_MAX 1.873755	7.887802	184.855133
}
*GEOMOBJECT {
	*NODE_NAME "Bip01 L Clavicle"
	*NODE_PARENT "Bip01 Neck"
	*NODE_TM {
		*NODE_NAME "Bip01 L Clavicle"
		*TM_ROW0 0.940900	0.128297	-0.313444
		*TM_ROW1 -0.148582	0.988025	-0.041605
		*TM_ROW2 0.304353	0.085718	0.948695
		*TM_ROW3 7.024693	11.534973	146.983765
		*TM_POS 7.024693	11.534973	146.983765
		*TM_ROTAXIS 0.184828	-0.896823	-0.401930
		*TM_ROTANGLE 0.351638
		*TM_SCALE 1.000000	1.000000	1.000000
		*TM_SCALEAXIS -0.132594	0.991170	-0.000000
		*TM_SCALEAXISANG 0.410771
	}
	*WIREFRAME_COLOR 0.109804	0.109804	0.694118
}
*GEOMOBJECT {
	*NODE_NAME "Bip01 L UpperArm"
	*NODE_PARENT "Bip01 L Clavicle"
	*NODE_TM {
		*NODE_NAME "Bip01 L UpperArm"
		*TM_ROW0 0.111290	-0.034231	-0.993198
		*TM_ROW1 0.334842	0.942261	0.005044
		*TM_ROW2 0.935679	-0.333126	0.116326
		*TM_ROW3 19.563133	13.244653	142.806808
		*TM_POS 19.563133	13.244653	142.806808
		*TM_ROTAXIS -0.169698	-0.967937	0.185206
		*TM_ROTANGLE 1.485755
		*TM_SCALE 1.000000	1.000000	1.000000
		*TM_SCALEAXIS 0.733991	-0.679159	0.000000
		*TM_SCALEAXISANG 0.331690
	}
	*WIREFRAME_COLOR 0.109804	0.109804	0.694118
}
*GEOMOBJECT {
	*NODE_NAME "Bip01 L Forearm"
	*NODE_PARENT "Bip01 L UpperArm"
	*NODE_TM {
		*NODE_NAME "Bip01 L Forearm"
		*TM_ROW0 -0.036279	-0.418752	-0.907376
		*TM_ROW1 0.350982	0.844792	-0.403903
		*TM_ROW2 0.935679	-0.333126	0.116326
		*TM_ROW3 22.668818	12.289398	115.090401
		*TM_POS 22.668818	12.289398	115.090401
		*TM_ROTAXIS 0.035414	-0.922179	0.385139
		*TM_ROTANGLE 1.608386
		*TM_SCALE 1.000000	1.000000	1.000000
		*TM_SCALEAXIS -0.000000	-0.024691	-0.999695
		*TM_SCALEAXISANG 0.177314
	}
	*WIREFRAME_COLOR 0.109804	0.109804	0.694118
}
*GEOMOBJECT {
	*NODE_NAME "Bip01 L Hand"
	*NODE_PARENT "Bip01 L Forearm"
	*NODE_TM {
		*NODE_NAME "Bip01 L Hand"
		*TM_ROW0 -0.114926	-0.479701	-0.869873
		*TM_ROW1 -0.936279	0.344905	-0.066502
		*TM_ROW2 0.331925	0.806800	-0.488773
		*TM_ROW3 21.659668	0.641262	89.850555
		*TM_POS 21.659668	0.641262	89.850555
		*TM_ROTAXIS 0.561910	-0.773274	-0.293776
		*TM_ROTANGLE 2.251573
		*TM_SCALE 1.000000	1.000000	1.000000
		*TM_SCALEAXIS 0.000000	0.000000	0.000000
		*TM_SCALEAXISANG 0.000000
	}
	*WIREFRAME_COLOR 0.109804	0.109804	0.694118
}
*GEOMOBJECT {
	*NODE_NAME "Bip01 L Finger0"
	*NODE_PARENT "Bip01 L Hand"
	*NODE_TM {
		*NODE_NAME "Bip01 L Finger0"
		*TM_ROW0 -0.114926	-0.479701	-0.869873
		*TM_ROW1 -0.936543	0.344263	-0.066113
		*TM_ROW2 0.331179	0.807075	-0.488826
		*TM_ROW3 20.180584	-5.532424	78.655418
		*TM_POS 20.180584	-5.532424	78.655418
		*TM_ROTAXIS 0.562040	-0.773074	-0.294053
		*TM_ROTANGLE 2.252021
		*TM_SCALE 1.000000	1.000000	1.000000
		*TM_SCALEAXIS 0.000000	0.000000	0.000000
		*TM_SCALEAXISANG 0.000000
	}
	*WIREFRAME_COLOR 0.525490	0.023529	0.023529
}
*HELPEROBJECT {
	*NODE_NAME "Dummy02"
	*NODE_PARENT "Bip01 L Finger0"
	*HELPER_CLASS "Dummy"
	*NODE_TM {
		*NODE_NAME "Dummy02"
		*TM_ROW0 -0.114926	-0.479701	-0.869873
		*TM_ROW1 -0.936543	0.344263	-0.066113
		*TM_ROW2 0.331179	0.807075	-0.488826
		*TM_ROW3 19.921707	-6.612978	76.695984
		*TM_POS 19.921707	-6.612978	76.695984
		*TM_ROTAXIS 0.562040	-0.773074	-0.294053
		*TM_ROTANGLE 2.252021
		*TM_SCALE 1.000000	1.000000	1.000000
		*TM_SCALEAXIS 0.000000	0.000000	0.000000
		*TM_SCALEAXISANG 0.000000
	}
	*BOUNDINGBOX_MIN 19.164658	-7.441432	76.056908
	*BOUNDINGBOX_MAX 20.678757	-5.784523	77.335060
}
*GEOMOBJECT {
	*NODE_NAME "Bip01 R Clavicle"
	*NODE_PARENT "Bip01 Neck"
	*NODE_TM {
		*NODE_NAME "Bip01 R Clavicle"
		*TM_ROW0 -0.939806	0.136219	-0.313384
		*TM_ROW1 0.158219	0.986344	-0.045747
		*TM_ROW2 0.302872	-0.092577	-0.948524
		*TM_ROW3 -10.064969	11.376765	147.225616
		*TM_POS -10.064969	11.376765	147.225616
		*TM_ROTAXIS -0.075724	-0.996494	0.035574
		*TM_ROTANGLE 2.827228
		*TM_SCALE 1.000000	1.000000	1.000000
		*TM_SCALEAXIS 0.874536	0.000000	-0.484960
		*TM_SCALEAXISANG 0.080540
	}
	*WIREFRAME_COLOR 0.023529	0.525490	0.023529
}
*GEOMOBJECT {
	*NODE_NAME "Bip01 R UpperArm"
	*NODE_PARENT "Bip01 R Clavicle"
	*NODE_TM {
		*NODE_NAME "Bip01 R UpperArm"
		*TM_ROW0 -0.160603	-0.093218	-0.982607
		*TM_ROW1 -0.499574	0.866271	-0.000528
		*TM_ROW2 0.851253	0.490801	-0.185695
		*TM_ROW3 -22.588829	13.192024	143.049469
		*TM_POS -22.588829	13.192024	143.049469
		*TM_ROTAXIS 0.253061	-0.944540	-0.209296
		*TM_ROTANGLE 1.813176
		*TM_SCALE 1.000000	1.000000	1.000000
		*TM_SCALEAXIS -0.959951	0.280168	0.000000
		*TM_SCALEAXISANG 0.371561
	}
	*WIREFRAME_COLOR 0.023529	0.525490	0.023529
}
*GEOMOBJECT {
	*NODE_NAME "Bip01 R Forearm"
	*NODE_PARENT "Bip01 R UpperArm"
	*NODE_TM {
		*NODE_NAME "Bip01 R Forearm"
		*TM_ROW0 -0.032168	-0.304398	-0.952002
		*TM_ROW1 -0.523768	0.816368	-0.243332
		*TM_ROW2 0.851253	0.490801	-0.185695
		*TM_ROW3 -27.070644	10.590672	115.628609
		*TM_POS -27.070644	10.590672	115.628609
		*TM_ROTAXIS 0.374694	-0.920363	-0.111964
		*TM_ROTANGLE 1.772917
		*TM_SCALE 1.000000	1.000000	1.000000
		*TM_SCALEAXIS -0.997246	-0.074168	-0.000000
		*TM_SCALEAXISANG 0.365376
	}
	*WIREFRAME_COLOR 0.023529	0.525490	0.023529
}
*GEOMOBJECT {
	*NODE_NAME "Bip01 R Hand"
	*NODE_PARENT "Bip01 R Forearm"
	*NODE_TM {
		*NODE_NAME "Bip01 R Hand"
		*TM_ROW0 0.081071	-0.391256	-0.916704
		*TM_ROW1 0.854658	0.500506	-0.138035
		*TM_ROW2 0.512823	-0.772278	0.374966
		*TM_ROW3 -27.965425	2.123436	89.147438
		*TM_POS -27.965425	2.123436	89.147438
		*TM_ROTAXIS -0.317196	-0.714932	0.623104
		*TM_ROTANGLE 1.592526
		*TM_SCALE 1.000000	1.000000	1.000000
		*TM_SCALEAXIS -0.951334	0.000000	0.308163
		*TM_SCALEAXISANG 0.354138
	}
	*WIREFRAME_COLOR 0.023529	0.525490	0.023529
}
*GEOMOBJECT {
	*NODE_NAME "Bip01 R Finger0"
	*NODE_PARENT "Bip01 R Hand"
	*NODE_TM {
		*NODE_NAME "Bip01 R Finger0"
		*TM_ROW0 0.081071	-0.391256	-0.916704
		*TM_ROW1 0.855066	0.499891	-0.137737
		*TM_ROW2 0.512142	-0.772676	0.375076
		*TM_ROW3 -26.922049	-2.911967	77.349586
		*TM_POS -26.922049	-2.911967	77.349586
		*TM_ROTAXIS -0.317546	-0.714596	0.623311
		*TM_ROTANGLE 1.592779
		*TM_SCALE 1.000000	1.000000	1.000000
		*TM_SCALEAXIS -0.934906	-0.000000	0.354895
		*TM_SCALEAXISANG 0.285791
	}
	*WIREFRAME_COLOR 0.878431	0.776471	0.341176
}
*HELPEROBJECT {
	*NODE_NAME "Dummy01"
	*NODE_PARENT "Bip01 R Finger0"
	*HELPER_CLASS "Dummy"
	*NODE_TM {
		*NODE_NAME "Dummy01"
		*TM_ROW0 0.081071	-0.391256	-0.916704
		*TM_ROW1 0.855066	0.499891	-0.137737
		*TM_ROW2 -0.512142	0.772676	-0.375076
		*TM_ROW3 -26.739431	-3.793291	75.284660
		*TM_POS -26.739431	-3.793291	75.284660
		*TM_ROTAXIS -0.570588	0.253553	-0.781114
		*TM_ROTANGLE 2.217981
		*TM_SCALE 1.000000	1.000000	1.000000
		*TM_SCALEAXIS 0.934906	0.000000	0.354895
		*TM_SCALEAXISANG 0.285791
	}
	*BOUNDINGBOX_MIN -27.539795	-4.656810	74.651718
	*BOUNDINGBOX_MAX -25.939068	-2.929773	75.917603
}
*GEOMOBJECT {
	*NODE_NAME "Bip01 L Thigh"
	*NODE_PARENT "Bip01 Pelvis"
	*NODE_TM {
		*NODE_NAME "Bip01 L Thigh"
		*TM_ROW0 0.058486	-0.051723	-0.996947
		*TM_ROW1 0.060191	-0.996657	0.055239
		*TM_ROW2 -0.996472	-0.063238	-0.055177
		*TM_ROW3 7.505954	8.312353	98.058769
		*TM_POS 7.505954	8.312353	98.058769
		*TM_ROTAXIS -0.726952	-0.002917	0.686682
		*TM_ROTANGLE 3.060014
		*TM_SCALE 1.000000	1.000000	1.000000
		*TM_SCALEAXIS 0.000000	0.999618	0.027622
		*TM_SCALEAXISANG 0.115095
	}
	*WIREFRAME_COLOR 0.109804	0.109804	0.694118
}
*GEOMOBJECT {
	*NODE_NAME "Bip01 L Calf"
	*NODE_PARENT "Bip01 L Thigh"
	*NODE_TM {
		*NODE_NAME "Bip01 L Calf"
		*TM_ROW0 0.038030	0.245850	-0.968562
		*TM_ROW1 0.074815	-0.967243	-0.242577
		*TM_ROW2 -0.996472	-0.063238	-0.055177
		*TM_ROW3 9.899124	6.195926	57.265049
		*TM_POS 9.899124	6.195926	57.265049
		*TM_ROTAXIS -0.719118	-0.111915	0.685817
		*TM_ROTANGLE 3.266612
		*TM_SCALE 1.000000	1.000000	1.000000
		*TM_SCALEAXIS -0.452004	0.167108	-0.876223
		*TM_SCALEAXISANG 0.248709
	}
	*WIREFRAME_COLOR 0.109804	0.109804	0.694118
}
*GEOMOBJECT {
	*NODE_NAME "Bip01 L Foot"
	*NODE_PARENT "Bip01 L Calf"
	*NODE_TM {
		*NODE_NAME "Bip01 L Foot"
		*TM_ROW0 -0.001620	0.046783	-0.998904
		*TM_ROW1 0.139798	-0.989085	-0.046550
		*TM_ROW2 -0.990179	-0.139720	-0.004938
		*TM_ROW3 11.608499	17.246439	13.729873
		*TM_POS 11.608499	17.246439	13.729873
		*TM_ROTAXIS -0.706147	-0.066128	0.704970
		*TM_ROTANGLE 3.075574
		*TM_SCALE 1.000000	1.000000	1.000000
		*TM_SCALEAXIS -0.122899	-0.000000	-0.992419
		*TM_SCALEAXISANG 0.063972
	}
	*WIREFRAME_COLOR 0.109804	0.109804	0.694118
}
*GEOMOBJECT {
	*NODE_NAME "Bip01 L Toe0"
	*NODE_PARENT "Bip01 L Foot"
	*NODE_TM {
		*NODE_NAME "Bip01 L Toe0"
		*TM_ROW0 0.139798	-0.989085	-0.046550
		*TM_ROW1 0.001620	-0.046783	0.998904
		*TM_ROW2 -0.990179	-0.139720	-0.004938
		*TM_ROW3 14.753596	-4.559514	0.062912
		*TM_POS 14.753596	-4.559514	0.062912
		*TM_ROTAXIS -0.639677	0.530129	0.556576
		*TM_ROTANGLE 2.044249
		*TM_SCALE 1.000000	1.000000	1.000000
		*TM_SCALEAXIS -0.000000	0.491291	-0.870995
		*TM_SCALEAXISANG 0.088109
	}
	*WIREFRAME_COLOR 0.423529	0.031373	0.533333
}
*HELPEROBJECT {
	*NODE_NAME "Dummy04"
	*NODE_PARENT "Bip01 L Toe0"
	*HELPER_CLASS "Dummy"
	*NODE_TM {
		*NODE_NAME "Dummy04"
		*TM_ROW0 0.139798	-0.989085	-0.046550
		*TM_ROW1 0.001620	-0.046783	0.998904
		*TM_ROW2 0.990179	0.139720	0.004938
		*TM_ROW3 14.942537	-5.896295	-0.000001
		*TM_POS 14.942537	-5.896295	-0.000001
		*TM_ROTAXIS -0.513966	-0.620173	0.592642
		*TM_ROTANGLE 4.131250
		*TM_SCALE 1.000000	1.000000	1.000000
		*TM_SCALEAXIS 0.000000	-0.491291	-0.870995
		*TM_SCALEAXISANG 0.088109
	}
	*BOUNDINGBOX_MIN 14.575935	-6.182108	-0.349668
	*BOUNDINGBOX_MAX 15.309139	-5.610482	0.349665
}
*GEOMOBJECT {
	*NODE_NAME "Bip01 R Thigh"
	*NODE_PARENT "Bip01 Pelvis"
	*NODE_TM {
		*NODE_NAME "Bip01 R Thigh"
		*TM_ROW0 -0.074552	-0.021639	-0.996982
		*TM_ROW1 -0.074485	-0.996851	0.027205
		*TM_ROW2 -0.994431	0.076288	0.072705
		*TM_ROW3 -10.504688	7.828420	97.714333
		*TM_POS -10.504688	7.828420	97.714333
		*TM_ROTAXIS 0.680110	-0.035345	-0.732258
		*TM_ROTANGLE 3.105500
		*TM_SCALE 1.000000	1.000000	1.000000
		*TM_SCALEAXIS 0.647983	0.761655	0.000000
		*TM_SCALEAXISANG 0.176722
	}
	*WIREFRAME_COLOR 0.023529	0.525490	0.023529
}
*GEOMOBJECT {
	*NODE_NAME "Bip01 R Calf"
	*NODE_PARENT "Bip01 R Thigh"
	*NODE_TM {
		*NODE_NAME "Bip01 R Calf"
		*TM_ROW0 -0.053435	0.229633	-0.971809
		*TM_ROW1 -0.090833	-0.970283	-0.224278
		*TM_ROW2 -0.994431	0.076288	0.072705
		*TM_ROW3 -13.555252	6.943003	56.919189
		*TM_POS -13.555252	6.943003	56.919189
		*TM_ROTAXIS 0.683192	0.051421	-0.728426
		*TM_ROTANGLE 2.919807
		*TM_SCALE 1.000000	1.000000	1.000000
		*TM_SCALEAXIS 0.807427	-0.000000	0.589968
		*TM_SCALEAXISANG 0.204938
	}
	*WIREFRAME_COLOR 0.023529	0.525490	0.023529
}
*GEOMOBJECT {
	*NODE_NAME "Bip01 R Foot"
	*NODE_PARENT "Bip01 R Calf"
	*NODE_TM {
		*NODE_NAME "Bip01 R Foot"
		*TM_ROW0 -0.018389	0.028688	-0.999419
		*TM_ROW1 -0.089759	-0.995599	-0.026927
		*TM_ROW2 -0.995794	0.089212	0.020883
		*TM_ROW3 -15.957067	17.264627	13.238046
		*TM_POS -15.957067	17.264627	13.238046
		*TM_ROTAXIS 0.699947	-0.021850	-0.713860
		*TM_ROTANGLE 3.058535
		*TM_SCALE 1.000000	1.000000	1.000000
		*TM_SCALEAXIS 0.772346	0.000000	-0.635202
		*TM_SCALEAXISANG 0.133469
	}
	*WIREFRAME_COLOR 0.023529	0.525490	0.023529
}
*GEOMOBJECT {
	*NODE_NAME "Bip01 R Toe0"
	*NODE_PARENT "Bip01 R Foot"
	*NODE_TM {
		*NODE_NAME "Bip01 R Toe0"
		*TM_ROW0 -0.089759	-0.995599	-0.026927
		*TM_ROW1 0.018389	-0.028688	0.999419
		*TM_ROW2 -0.995794	0.089212	0.020883
		*TM_ROW3 -18.221741	-4.917308	0.008911
		*TM_POS -18.221741	-4.917308	0.008911
		*TM_ROTAXIS 0.544405	-0.579490	-0.606477
		*TM_ROTANGLE 4.131482
		*TM_SCALE 1.000000	1.000000	1.000000
		*TM_SCALEAXIS 0.000001	-0.772346	-0.635202
		*TM_SCALEAXISANG 0.133469
	}
	*WIREFRAME_COLOR 0.443137	0.525490	0.023529
}
*HELPEROBJECT {
	*NODE_NAME "Dummy03"
	*NODE_PARENT "Bip01 R Toe0"
	*HELPER_CLASS "Dummy"
	*NODE_TM {
		*NODE_NAME "Dummy03"
		*TM_ROW0 -0.089759	-0.995599	-0.026927
		*TM_ROW1 0.018389	-0.028688	0.999419
		*TM_ROW2 -0.995794	0.089212	0.020883
		*TM_ROW3 -18.343052	-6.262893	-0.027482
		*TM_POS -18.343052	-6.262893	-0.027482
		*TM_ROTAXIS 0.544405	-0.579490	-0.606477
		*TM_ROTANGLE 4.131482
		*TM_SCALE 1.000000	1.000000	1.000000
		*TM_SCALEAXIS 0.000001	-0.772346	-0.635202
		*TM_SCALEAXISANG 0.133469
	}
	*BOUNDINGBOX_MIN -18.705946	-6.526994	-0.378290
	*BOUNDINGBOX_MAX -17.980158	-5.998793	0.323327
}
*GEOMOBJECT {
	*NODE_NAME "zm_Magd"
	*NODE_TM {
		*NODE_NAME "zm_Magd"
		*TM_ROW0 1.000000	0.000000	0.000000
		*TM_ROW1 0.000000	1.000000	0.000000
		*TM_ROW2 0.000000	0.000000	1.000000
		*TM_ROW3 -0.016243	6.150528	146.520844
		*TM_POS -0.016243	6.150528	146.520844
		*TM_ROTAXIS 0.000000	0.000000	0.000000
		*TM_ROTANGLE 0.000000
		*TM_SCALE 1.000000	1.000000	1.000000
		*TM_SCALEAXIS 0.000000	0.000000	0.000000
		*TM_SCALEAXISANG 0.000000
	}
	*MATERIAL_REF 0
	*MESH_SOFTSKIN {
		*TIMEVALUE 0
		*MESH_NUMVERTEX 512
		*MESH_NUMFACES 1010
		*MESH_VERTEX_LIST {
			*MESH_VERTEX    0	12.050902	8.105046	149.438080
			*MESH_VERTEX    1	10.516673	3.896409	143.065796
			*MESH_VERTEX    2	11.329963	12.224039	150.972946
			*MESH_VERTEX    3	11.394398	16.320415	149.741211
			*MESH_VERTEX    4	-0.940989	-3.708774	135.935654
			*MESH_VERTEX    5	8.836768	-1.758837	141.229553
			*MESH_VERTEX    6	4.202195	-5.677724	138.434891
			*MESH_VERTEX    7	-13.912674	7.902187	149.871475
			*MESH_VERTEX    8	-10.645708	-1.961160	141.499741
			*MESH_VERTEX    9	-6.014308	-5.814374	138.546814
			*MESH_VERTEX   10	-13.083540	3.217192	143.505554
			*MESH_VERTEX   11	-13.182997	12.023018	151.375778
			*MESH_VERTEX   12	-1.068159	17.011164	149.163330
			*MESH_VERTEX   13	-13.269062	16.094519	150.168320
			*MESH_VERTEX   14	7.824872	17.232107	149.137634
			*MESH_VERTEX   15	-9.771035	17.024410	149.460480
			*MESH_VERTEX   16	14.693370	12.162872	155.788406
			*MESH_VERTEX   17	15.213164	5.396468	154.182480
			*MESH_VERTEX   18	13.114779	17.627367	157.078018
			*MESH_VERTEX   19	13.771949	0.330106	149.357788
			*MESH_VERTEX   20	11.072423	-3.253231	144.824448
			*MESH_VERTEX   21	4.270611	-8.737093	138.666489
			*MESH_VERTEX   22	-0.874629	-8.014313	137.232483
			*MESH_VERTEX   23	-6.013167	-8.879009	138.780426
			*MESH_VERTEX   24	-12.730198	-3.569749	145.029556
			*MESH_VERTEX   25	-15.512490	-0.343562	149.762924
			*MESH_VERTEX   26	-1.031106	25.144917	156.492325
			*MESH_VERTEX   27	8.562840	22.388941	157.348618
			*MESH_VERTEX   28	-14.861096	17.361828	157.487183
			*MESH_VERTEX   29	-10.342718	22.204929	157.640869
			*MESH_VERTEX   30	-17.395298	5.483518	154.292130
			*MESH_VERTEX   31	-16.495436	12.030354	156.231384
			*MESH_VERTEX   32	21.700497	4.325626	88.656723
			*MESH_VERTEX   33	19.691233	1.210020	90.239639
			*MESH_VERTEX   34	20.486912	-1.852758	91.784195
			*MESH_VERTEX   35	24.420509	3.564270	89.016724
			*MESH_VERTEX   36	22.386881	-2.408077	92.041908
			*MESH_VERTEX   37	24.591471	-0.241975	90.927063
			*MESH_VERTEX   38	21.374004	1.150756	82.869247
			*MESH_VERTEX   39	21.207214	-3.757736	85.640694
			*MESH_VERTEX   40	20.408922	-5.151960	87.376221
			*MESH_VERTEX   41	16.481747	-5.575561	84.644348
			*MESH_VERTEX   42	23.401691	-0.458450	81.233887
			*MESH_VERTEX   43	23.954344	-4.705339	83.474449
			*MESH_VERTEX   44	23.343225	-6.660155	84.891907
			*MESH_VERTEX   45	16.628628	-7.128137	84.887329
			*MESH_VERTEX   46	21.487362	3.355229	86.265717
			*MESH_VERTEX   47	19.412544	-0.443910	87.443810
			*MESH_VERTEX   48	17.243101	-2.374782	90.428520
			*MESH_VERTEX   49	17.759897	-5.159980	90.257294
			*MESH_VERTEX   50	24.317907	2.164093	86.536530
			*MESH_VERTEX   51	16.557152	-2.970466	88.072792
			*MESH_VERTEX   52	15.426910	-6.592224	84.558266
			*MESH_VERTEX   53	17.179522	-1.145197	79.594948
			*MESH_VERTEX   54	16.624603	-4.488716	80.896721
			*MESH_VERTEX   55	16.269732	-5.299125	79.768654
			*MESH_VERTEX   56	17.129351	-1.552622	78.365715
			*MESH_VERTEX   57	17.092873	-5.664834	81.818604
			*MESH_VERTEX   58	16.878765	-6.707716	80.804237
			*MESH_VERTEX   59	20.964071	-6.384843	80.039246
			*MESH_VERTEX   60	20.454185	-7.985187	81.639160
			*MESH_VERTEX   61	21.010311	-2.154998	78.119141
			*MESH_VERTEX   62	19.765614	-6.761446	82.750443
			*MESH_VERTEX   63	20.215372	-5.434659	82.035835
			*MESH_VERTEX   64	20.171659	-1.192274	79.557205
			*MESH_VERTEX   65	18.898836	-5.112890	87.456726
			*MESH_VERTEX   66	19.951599	2.914585	93.398674
			*MESH_VERTEX   67	4.274673	10.575057	156.375320
			*MESH_VERTEX   68	3.966030	5.992039	163.520630
			*MESH_VERTEX   69	-0.817965	3.554107	149.406265
			*MESH_VERTEX   70	-0.870204	2.188285	161.493912
			*MESH_VERTEX   71	-5.868320	10.522398	156.520081
			*MESH_VERTEX   72	-5.604491	6.270267	163.439133
			*MESH_VERTEX   73	-0.631865	11.507356	165.900574
			*MESH_VERTEX   74	-28.784651	5.831577	88.195999
			*MESH_VERTEX   75	-26.238499	2.839406	89.213882
			*MESH_VERTEX   76	-26.134684	-0.405067	90.465294
			*MESH_VERTEX   77	-31.308033	4.571963	88.812309
			*MESH_VERTEX   78	-27.900742	-1.317739	90.892982
			*MESH_VERTEX   79	-30.598558	0.567975	90.298584
			*MESH_VERTEX   80	-26.081457	4.240387	92.644135
			*MESH_VERTEX   81	-4.874303	6.894392	152.263733
			*MESH_VERTEX   82	3.227130	6.727428	152.241470
			*MESH_VERTEX   83	-3.590696	3.946263	162.357971
			*MESH_VERTEX   84	1.816265	3.684263	162.342743
			*MESH_VERTEX   85	3.143533	9.256044	165.011139
			*MESH_VERTEX   86	-4.219429	9.845203	165.115845
			*MESH_VERTEX   87	6.044831	10.832208	153.847336
			*MESH_VERTEX   88	-8.187215	10.784335	153.880829
			*MESH_VERTEX   89	-6.379350	14.084155	153.575134
			*MESH_VERTEX   90	4.689767	14.531763	153.244095
			*MESH_VERTEX   91	-0.881991	14.244497	155.889374
			*MESH_VERTEX   92	-28.711529	3.234721	82.357796
			*MESH_VERTEX   93	-27.328918	-1.724888	84.627693
			*MESH_VERTEX   94	-26.074919	-3.067603	86.123917
			*MESH_VERTEX   95	-22.846474	-2.745499	83.023102
			*MESH_VERTEX   96	-30.648933	1.099038	80.301933
			*MESH_VERTEX   97	-30.151611	-3.312541	82.211090
			*MESH_VERTEX   98	-29.027704	-5.208339	83.369667
			*MESH_VERTEX   99	-22.685364	-4.310960	83.144577
			*MESH_VERTEX  100	-28.325607	4.766988	85.196243
			*MESH_VERTEX  101	-25.772627	1.494703	86.600708
			*MESH_VERTEX  102	-23.079231	-0.033043	88.991936
			*MESH_VERTEX  103	-23.107227	-2.795644	88.637924
			*MESH_VERTEX  104	-31.101044	3.459543	86.463814
			*MESH_VERTEX  105	-22.596169	-0.287498	86.559631
			*MESH_VERTEX  106	-21.650116	-3.541948	82.725105
			*MESH_VERTEX  107	-24.645676	1.957775	78.408432
			*MESH_VERTEX  108	-23.346567	-1.303220	79.336960
			*MESH_VERTEX  109	-23.005253	-1.955886	78.117668
			*MESH_VERTEX  110	-24.676104	1.745299	77.335312
			*MESH_VERTEX  111	-23.476175	-2.602336	80.200638
			*MESH_VERTEX  112	-23.216425	-3.516236	79.090256
			*MESH_VERTEX  113	-27.359020	-3.904676	78.844193
			*MESH_VERTEX  114	-26.370886	-5.482763	80.225647
			*MESH_VERTEX  115	-28.398352	0.359273	77.322205
			*MESH_VERTEX  116	-25.769051	-4.231483	81.340202
			*MESH_VERTEX  117	-26.534456	-2.967223	80.802940
			*MESH_VERTEX  118	-27.561525	1.361274	78.719185
			*MESH_VERTEX  119	-24.595715	-2.756649	86.032845
			*MESH_VERTEX  120	14.665984	15.174732	11.347305
			*MESH_VERTEX  121	9.930258	15.094273	11.018921
			*MESH_VERTEX  122	-18.439507	15.502020	10.809570
			*MESH_VERTEX  123	-14.001778	15.171906	10.590302
			*MESH_VERTEX  124	10.658613	18.511169	11.509552
			*MESH_VERTEX  125	12.489449	21.016157	13.365570
			*MESH_VERTEX  126	13.951587	18.626865	11.830811
			*MESH_VERTEX  127	-14.809764	18.870125	11.142471
			*MESH_VERTEX  128	-16.049160	21.404680	12.863449
			*MESH_VERTEX  129	-17.964359	17.952543	11.031311
			*MESH_VERTEX  130	-13.801550	14.940510	7.928070
			*MESH_VERTEX  131	-13.458642	9.149353	4.332993
			*MESH_VERTEX  132	-13.151167	3.475116	4.244202
			*MESH_VERTEX  133	-13.106318	3.638531	-0.242584
			*MESH_VERTEX  134	-13.857710	7.978137	-0.133011
			*MESH_VERTEX  135	-14.006279	12.605999	0.977951
			*MESH_VERTEX  136	-19.335302	18.668638	0.174728
			*MESH_VERTEX  137	-14.047050	18.028057	0.887085
			*MESH_VERTEX  138	-13.495032	18.457567	3.392059
			*MESH_VERTEX  139	-16.788481	12.082886	9.743195
			*MESH_VERTEX  140	-17.573509	7.598130	6.633560
			*MESH_VERTEX  141	-18.576775	-1.188241	2.822128
			*MESH_VERTEX  142	-14.398547	-2.556327	-0.143616
			*MESH_VERTEX  143	-16.735949	23.070208	1.954239
			*MESH_VERTEX  144	-16.925924	23.130787	4.502777
			*MESH_VERTEX  145	-21.620405	8.830574	0.028946
			*MESH_VERTEX  146	-21.985203	-0.303365	0.222321
			*MESH_VERTEX  147	-21.093313	13.314914	1.150604
			*MESH_VERTEX  148	-21.927528	4.422805	3.328033
			*MESH_VERTEX  149	-22.339598	4.589399	-0.021149
			*MESH_VERTEX  150	-20.759378	10.014711	3.527603
			*MESH_VERTEX  151	-19.023670	15.361193	8.124802
			*MESH_VERTEX  152	-19.830589	19.097925	3.600845
			*MESH_VERTEX  153	9.732347	14.878473	8.382690
			*MESH_VERTEX  154	9.530613	9.035917	4.932602
			*MESH_VERTEX  155	9.201590	3.352441	5.092697
			*MESH_VERTEX  156	8.747581	3.395645	0.619232
			*MESH_VERTEX  157	9.672864	7.704597	0.544159
			*MESH_VERTEX  158	9.806938	12.465511	1.584381
			*MESH_VERTEX  159	15.222076	18.147285	1.487045
			*MESH_VERTEX  160	10.020441	17.933973	0.586929
			*MESH_VERTEX  161	9.426556	18.286837	3.932297
			*MESH_VERTEX  162	12.795129	11.875696	10.164413
			*MESH_VERTEX  163	13.391109	7.307199	7.182968
			*MESH_VERTEX  164	13.908682	-1.582291	3.523407
			*MESH_VERTEX  165	9.889644	-2.836778	0.761871
			*MESH_VERTEX  166	12.847885	22.804193	2.434708
			*MESH_VERTEX  167	12.971024	22.862978	4.976059
			*MESH_VERTEX  168	17.352224	8.314780	0.479645
			*MESH_VERTEX  169	18.028528	-0.771823	0.693619
			*MESH_VERTEX  170	16.750515	12.819785	1.608719
			*MESH_VERTEX  171	17.760628	3.930502	3.784607
			*MESH_VERTEX  172	17.994986	4.040255	0.413940
			*MESH_VERTEX  173	16.648712	9.577825	4.028687
			*MESH_VERTEX  174	15.090930	14.949524	8.607666
			*MESH_VERTEX  175	15.718204	18.698538	4.095383
			*MESH_VERTEX  176	14.406660	21.173578	1.293198
			*MESH_VERTEX  177	10.238791	20.909082	1.261490
			*MESH_VERTEX  178	-14.302519	20.978544	0.718994
			*MESH_VERTEX  179	-18.543903	21.638550	0.875275
			*MESH_VERTEX  180	-13.974773	-1.974769	2.980606
			*MESH_VERTEX  181	9.826775	-2.433069	3.698547
			*MESH_VERTEX  182	-17.890396	3.869527	4.735764
			*MESH_VERTEX  183	13.471873	3.532091	5.417068
			*MESH_VERTEX  184	17.909540	0.282706	2.251511
			*MESH_VERTEX  185	-22.282986	0.738398	1.732574
			*MESH_VERTEX  186	22.921442	-0.128644	97.226494
			*MESH_VERTEX  187	21.930820	-0.193319	97.302818
			*MESH_VERTEX  188	23.415260	0.428308	96.954399
			*MESH_VERTEX  189	25.093189	2.028279	96.160858
			*MESH_VERTEX  190	22.317924	7.132647	94.025658
			*MESH_VERTEX  191	24.340195	6.483654	94.216347
			*MESH_VERTEX  192	20.558002	0.261158	97.165840
			*MESH_VERTEX  193	25.018158	5.785786	94.493507
			*MESH_VERTEX  194	25.085312	2.878410	95.782715
			*MESH_VERTEX  195	19.989361	0.867445	96.922806
			*MESH_VERTEX  196	19.792744	3.759245	95.644852
			*MESH_VERTEX  197	21.448168	6.972949	94.138283
			*MESH_VERTEX  198	-27.001575	0.384262	96.301788
			*MESH_VERTEX  199	-27.994635	0.298689	96.377533
			*MESH_VERTEX  200	-28.599533	0.800299	96.255341
			*MESH_VERTEX  201	-30.619246	2.225520	95.924110
			*MESH_VERTEX  202	-30.811363	6.978954	94.495888
			*MESH_VERTEX  203	-28.923325	7.964679	94.102234
			*MESH_VERTEX  204	-25.725494	1.070515	96.029076
			*MESH_VERTEX  205	-30.788925	3.108436	95.665062
			*MESH_VERTEX  206	-31.333324	6.157721	94.770348
			*MESH_VERTEX  207	-25.324423	1.757682	95.799950
			*MESH_VERTEX  208	-28.066523	7.914520	94.073662
			*MESH_VERTEX  209	-25.953550	5.234506	94.776550
			*MESH_VERTEX  210	11.822022	12.464813	151.048187
			*MESH_VERTEX  211	11.883700	16.810070	149.803848
			*MESH_VERTEX  212	-0.932832	-5.309278	135.111816
			*MESH_VERTEX  213	10.484204	-1.833410	142.559875
			*MESH_VERTEX  214	4.374174	-6.243263	137.535370
			*MESH_VERTEX  215	-12.253245	-2.065660	142.876846
			*MESH_VERTEX  216	-6.195615	-6.390848	137.652237
			*MESH_VERTEX  217	-13.647718	12.249012	151.476959
			*MESH_VERTEX  218	-1.083324	18.287066	148.847839
			*MESH_VERTEX  219	-13.747132	16.582142	150.242111
			*MESH_VERTEX  220	8.081017	18.223391	148.580444
			*MESH_VERTEX  221	-10.049878	18.023657	148.739014
			*MESH_VERTEX  222	23.339504	17.026423	116.864784
			*MESH_VERTEX  223	25.854033	10.465136	119.112312
			*MESH_VERTEX  224	17.707014	13.196574	118.533363
			*MESH_VERTEX  225	23.857847	8.024187	120.428719
			*MESH_VERTEX  226	20.476070	7.660140	120.411812
			*MESH_VERTEX  227	18.153925	9.960606	120.188095
			*MESH_VERTEX  228	20.006357	16.271954	116.924263
			*MESH_VERTEX  229	25.842926	14.271389	117.330963
			*MESH_VERTEX  230	23.886303	16.610975	113.952599
			*MESH_VERTEX  231	26.249262	9.729692	115.649818
			*MESH_VERTEX  232	18.151398	12.508573	114.734177
			*MESH_VERTEX  233	24.294464	7.351279	116.163414
			*MESH_VERTEX  234	21.018576	7.536619	116.017075
			*MESH_VERTEX  235	18.426575	9.396341	115.484383
			*MESH_VERTEX  236	20.276697	15.369675	114.126961
			*MESH_VERTEX  237	26.286411	13.286804	114.804718
			*MESH_VERTEX  238	24.727253	6.034064	112.783638
			*MESH_VERTEX  239	26.716484	8.329391	111.976204
			*MESH_VERTEX  240	26.734089	11.798396	110.740974
			*MESH_VERTEX  241	18.693792	8.408657	112.558495
			*MESH_VERTEX  242	18.388500	11.481371	111.486488
			*MESH_VERTEX  243	20.611155	14.210945	110.586784
			*MESH_VERTEX  244	24.077919	14.891672	110.348404
			*MESH_VERTEX  245	22.547186	6.452286	150.957230
			*MESH_VERTEX  246	19.206585	3.740604	144.400345
			*MESH_VERTEX  247	12.604102	8.566808	138.735901
			*MESH_VERTEX  248	23.887001	18.132284	150.252487
			*MESH_VERTEX  249	19.582743	22.823713	144.202759
			*MESH_VERTEX  250	13.396522	19.704655	138.577957
			*MESH_VERTEX  251	20.906578	5.457196	112.083633
			*MESH_VERTEX  252	-28.455969	15.263351	117.802010
			*MESH_VERTEX  253	-29.377031	8.429972	120.106491
			*MESH_VERTEX  254	-21.899704	12.551685	118.976036
			*MESH_VERTEX  255	-26.895739	6.476455	121.514053
			*MESH_VERTEX  256	-23.469610	6.734991	121.247299
			*MESH_VERTEX  257	-21.653475	9.366254	120.769051
			*MESH_VERTEX  258	-24.848064	15.214434	117.540695
			*MESH_VERTEX  259	-30.190775	12.230852	118.430397
			*MESH_VERTEX  260	-29.241251	14.682230	115.217552
			*MESH_VERTEX  261	-29.922728	7.635565	116.651405
			*MESH_VERTEX  262	-22.742153	11.644818	115.186340
			*MESH_VERTEX  263	-27.564024	5.597142	116.825096
			*MESH_VERTEX  264	-24.175337	6.466820	116.327782
			*MESH_VERTEX  265	-22.427637	8.498556	115.764397
			*MESH_VERTEX  266	-25.357553	14.132275	114.958046
			*MESH_VERTEX  267	-30.626451	11.170886	116.032646
			*MESH_VERTEX  268	-28.236139	4.482842	113.136467
			*MESH_VERTEX  269	-30.630379	6.491625	112.872551
			*MESH_VERTEX  270	-31.324945	10.004477	112.056969
			*MESH_VERTEX  271	-22.800312	7.732031	112.533981
			*MESH_VERTEX  272	-23.098381	10.890086	111.784103
			*MESH_VERTEX  273	-25.804920	13.280819	111.431244
			*MESH_VERTEX  274	-29.239086	13.476441	111.655006
			*MESH_VERTEX  275	-24.074759	6.131722	151.624832
			*MESH_VERTEX  276	-20.977386	3.661475	144.894516
			*MESH_VERTEX  277	-14.522937	9.292223	139.408554
			*MESH_VERTEX  278	-25.298288	17.730406	151.482986
			*MESH_VERTEX  279	-21.722189	22.677771	145.077682
			*MESH_VERTEX  280	-16.220779	20.332708	139.582382
			*MESH_VERTEX  281	-24.507908	4.606440	111.869202
			*MESH_VERTEX  282	20.023756	4.301638	95.392654
			*MESH_VERTEX  283	-25.718613	4.702054	94.925980
			*MESH_VERTEX  284	27.861492	-1.844666	87.561607
			*MESH_VERTEX  285	23.993484	-3.672025	91.107880
			*MESH_VERTEX  286	18.490032	7.104539	77.838303
			*MESH_VERTEX  287	23.710953	5.565232	78.543945
			*MESH_VERTEX  288	19.317289	-4.121456	92.915176
			*MESH_VERTEX  289	15.512579	-2.845111	92.264969
			*MESH_VERTEX  290	26.386673	3.898891	80.097458
			*MESH_VERTEX  291	27.519062	-0.418532	85.701630
			*MESH_VERTEX  292	12.178909	2.335557	85.703896
			*MESH_VERTEX  293	13.606824	-1.630277	91.103630
			*MESH_VERTEX  294	12.843751	3.623075	83.671471
			*MESH_VERTEX  295	15.974238	7.154077	78.427505
			*MESH_VERTEX  296	21.750612	-4.345560	92.576614
			*MESH_VERTEX  297	22.729708	-4.430212	92.444855
			*MESH_VERTEX  298	24.565022	5.060797	78.988815
			*MESH_VERTEX  299	12.087114	3.156149	84.560608
			*MESH_VERTEX  300	-29.531017	-2.342139	90.942268
			*MESH_VERTEX  301	-33.852375	-0.541924	88.808243
			*MESH_VERTEX  302	-32.199318	9.392432	81.142044
			*MESH_VERTEX  303	-27.500134	11.789122	80.040024
			*MESH_VERTEX  304	-20.807137	-0.964706	91.288658
			*MESH_VERTEX  305	-23.951191	-2.645799	91.969749
			*MESH_VERTEX  306	-34.070351	1.733753	86.947426
			*MESH_VERTEX  307	-34.469090	6.880702	82.755844
			*MESH_VERTEX  308	-19.053383	1.160330	90.020508
			*MESH_VERTEX  309	-19.103489	6.445877	85.721222
			*MESH_VERTEX  310	-24.414598	12.125218	80.307793
			*MESH_VERTEX  311	-20.459755	8.265652	84.002319
			*MESH_VERTEX  312	-25.224243	-2.922307	91.965927
			*MESH_VERTEX  313	-27.568048	-3.424404	91.961357
			*MESH_VERTEX  314	-28.251558	-3.047163	91.605492
			*MESH_VERTEX  315	-33.927654	0.244882	88.165039
			*MESH_VERTEX  316	-19.688620	0.397120	90.487175
			*MESH_VERTEX  317	-26.407686	11.908098	80.134895
			*MESH_VERTEX  318	-33.699230	7.741900	82.199348
			*MESH_VERTEX  319	-19.048965	7.482182	84.898346
			*MESH_VERTEX  320	-19.687908	7.835734	84.490768
			*MESH_VERTEX  321	16.384079	12.443416	151.502197
			*MESH_VERTEX  322	16.289175	7.982598	150.376434
			*MESH_VERTEX  323	15.928096	16.867352	150.520172
			*MESH_VERTEX  324	14.826323	18.335838	144.615860
			*MESH_VERTEX  325	14.870980	6.074672	144.972672
			*MESH_VERTEX  326	15.348074	7.087394	141.064148
			*MESH_VERTEX  327	15.503447	12.819275	138.693619
			*MESH_VERTEX  328	15.115455	16.689003	139.915558
			*MESH_VERTEX  329	14.471526	6.368398	139.516281
			*MESH_VERTEX  330	15.243894	12.558127	137.247467
			*MESH_VERTEX  331	12.969188	18.426380	145.462921
			*MESH_VERTEX  332	14.030820	16.741707	139.777283
			*MESH_VERTEX  333	-1.044200	-5.324153	127.082298
			*MESH_VERTEX  334	-1.002759	-6.037252	131.752106
			*MESH_VERTEX  335	2.492573	-4.794681	113.500450
			*MESH_VERTEX  336	10.143136	7.310113	116.664429
			*MESH_VERTEX  337	10.459452	3.897965	115.212112
			*MESH_VERTEX  338	8.595566	0.080672	113.969437
			*MESH_VERTEX  339	6.785643	-0.143260	121.191040
			*MESH_VERTEX  340	13.027250	1.710557	140.766296
			*MESH_VERTEX  341	6.226553	-3.345255	124.864731
			*MESH_VERTEX  342	13.523616	0.231750	129.551453
			*MESH_VERTEX  343	9.994515	-0.416198	126.302124
			*MESH_VERTEX  344	13.226488	-4.111249	132.044632
			*MESH_VERTEX  345	7.345616	-5.695686	125.691185
			*MESH_VERTEX  346	4.311575	-7.294197	128.061081
			*MESH_VERTEX  347	2.421113	-5.691789	120.463692
			*MESH_VERTEX  348	13.592436	5.734860	130.163773
			*MESH_VERTEX  349	9.700959	-6.836092	128.441803
			*MESH_VERTEX  350	12.400941	-3.130815	127.577538
			*MESH_VERTEX  351	11.156825	-4.791923	136.520554
			*MESH_VERTEX  352	13.832060	0.353115	133.935837
			*MESH_VERTEX  353	-4.510581	-4.879182	113.631805
			*MESH_VERTEX  354	-12.514214	7.359721	116.831345
			*MESH_VERTEX  355	-12.765705	4.013614	115.693283
			*MESH_VERTEX  356	-10.760690	0.077902	114.414536
			*MESH_VERTEX  357	-9.126037	-0.321893	121.422813
			*MESH_VERTEX  358	-15.070775	1.425745	141.163330
			*MESH_VERTEX  359	-8.586316	-3.537546	125.065788
			*MESH_VERTEX  360	-15.839519	-0.025884	130.042313
			*MESH_VERTEX  361	-12.317997	-0.609025	126.646744
			*MESH_VERTEX  362	-15.244636	-4.426012	132.450882
			*MESH_VERTEX  363	-9.452954	-5.907302	125.923988
			*MESH_VERTEX  364	-6.296592	-7.417840	128.269974
			*MESH_VERTEX  365	-4.566914	-5.770895	120.565742
			*MESH_VERTEX  366	-15.829412	5.194136	130.719330
			*MESH_VERTEX  367	-11.484726	-7.136402	128.634445
			*MESH_VERTEX  368	-14.538140	-2.566303	127.677063
			*MESH_VERTEX  369	-13.040298	-5.033407	136.876465
			*MESH_VERTEX  370	-16.555134	6.113168	139.990646
			*MESH_VERTEX  371	-17.438520	12.353030	137.730789
			*MESH_VERTEX  372	-16.023783	0.038646	134.369217
			*MESH_VERTEX  373	-1.469422	15.773199	118.994926
			*MESH_VERTEX  374	-1.286382	18.305161	130.871262
