*3DSMAX_ASCIIEXPORT	108
*COMMENT " [Zengine ASC Exporter v1.08] AsciiExport Version  1,08 - Fri Feb 15 16:11:47 2002"
*SCENE {
	*SCENE_FILENAME "Buerger1.max"
	*SCENE_FIRSTFRAME 0
	*SCENE_LASTFRAME 100
	*SCENE_FRAMESPEED 25
	*SCENE_TICKSPERFRAME 192
	*SCENE_BACKGROUND_STATIC 0.000000	0.000000	0.000000
	*SCENE_AMBIENT_STATIC 0.670588	0.670588	0.670588
}
*MATERIAL_LIST {
	*MATERIAL_COUNT 1
	*MATERIAL 0 {
		*MATERIAL_NAME "Material #500"
		*MATERIAL_CLASS "Multi/Sub-Object"
		*MATERIAL_AMBIENT 0.286275	0.270588	0.231373
		*MATERIAL_DIFFUSE 0.654902	0.611765	0.572549
		*MATERIAL_SPECULAR 0.900000	0.900000	0.900000
		*MATERIAL_SHINE 0.100000
		*MATERIAL_SHINESTRENGTH 0.000000
		*MATERIAL_TRANSPARENCY 0.000000
		*MATERIAL_WIRESIZE 1.000000
		*NUMSUBMTLS 2
		*SUBMATERIAL 0 {
			*MATERIAL_NAME "Material #500"
			*MATERIAL_CLASS "Standard"
			*MATERIAL_AMBIENT 0.286275	0.270588	0.231373
			*MATERIAL_DIFFUSE 0.654902	0.611765	0.572549
			*MATERIAL_SPECULAR 0.900000	0.900000	0.900000
			*MATERIAL_SHINE 0.100000
			*MATERIAL_SHINESTRENGTH 0.000000
			*MATERIAL_TRANSPARENCY 0.000000
			*MATERIAL_WIRESIZE 1.000000
			*MATERIAL_SHADING Blinn
			*MATERIAL_XP_FALLOFF 0.000000
			*MATERIAL_SELFILLUM 0.000000
			*MATERIAL_FALLOFF In
			*MATERIAL_XP_TYPE Filter
			*MAP_DIFFUSE {
				*MAP_NAME "Map #11"
				*MAP_CLASS "Bitmap"
				*MAP_SUBNO 1
				*MAP_AMOUNT 1.000000
				*BITMAP "Hum_Body_Naked_V0_C0.tga"
				*MAP_TYPE Screen
				*UVW_U_OFFSET 0.000000
				*UVW_V_OFFSET 0.000000
				*UVW_U_TILING 1.000000
				*UVW_V_TILING 1.000000
				*UVW_ANGLE 0.000000
				*UVW_BLUR 1.000000
				*UVW_BLUR_OFFSET 0.000000
				*UVW_NOUSE_AMT 1.000000
				*UVW_NOISE_SIZE 1.000000
				*UVW_NOISE_LEVEL 1
				*UVW_NOISE_PHASE 0.000000
				*BITMAP_FILTER Pyramidal
			}
		}
		*SUBMATERIAL 1 {
			*MATERIAL_NAME "Material #503"
			*MATERIAL_CLASS "Standard"
			*MATERIAL_AMBIENT 0.415686	0.415686	0.415686
			*MATERIAL_DIFFUSE 0.415686	0.415686	0.415686
			*MATERIAL_SPECULAR 0.900000	0.900000	0.900000
			*MATERIAL_SHINE 0.100000
			*MATERIAL_SHINESTRENGTH 0.000000
			*MATERIAL_TRANSPARENCY 0.000000
			*MATERIAL_WIRESIZE 1.000000
			*MATERIAL_SHADING Blinn
			*MATERIAL_XP_FALLOFF 0.000000
			*MATERIAL_SELFILLUM 0.000000
			*MATERIAL_FALLOFF In
			*MATERIAL_XP_TYPE Filter
			*MAP_DIFFUSE {
				*MAP_NAME "Map #12"
				*MAP_CLASS "Bitmap"
				*MAP_SUBNO 1
				*MAP_AMOUNT 1.000000
				*BITMAP "Buerger1.tga"
				*MAP_TYPE Screen
				*UVW_U_OFFSET 0.000000
				*UVW_V_OFFSET 0.000000
				*UVW_U_TILING 1.000000
				*UVW_V_TILING 1.000000
				*UVW_ANGLE 0.000000
				*UVW_BLUR 1.000000
				*UVW_BLUR_OFFSET 0.000000
				*UVW_NOUSE_AMT 1.000000
				*UVW_NOISE_SIZE 1.000000
				*UVW_NOISE_LEVEL 1
				*UVW_NOISE_PHASE 0.000000
				*BITMAP_FILTER Pyramidal
			}
		}
	}
}
*GEOMOBJECT {
	*NODE_NAME "Bip01"
	*NODE_TM {
		*NODE_NAME "Bip01"
		*TM_ROW0 0.024624	-0.993774	0.108663
		*TM_ROW1 0.999693	0.024771	-0.000000
		*TM_ROW2 -0.002692	0.108630	0.994079
		*TM_ROW3 0.143950	6.202450	100.713142
		*TM_POS 0.143950	6.202450	100.713142
		*TM_ROTAXIS 0.054328	0.055691	0.996969
		*TM_ROTANGLE 1.549058
		*TM_SCALE 1.000000	1.000000	1.000000
		*TM_SCALEAXIS 0.000000	-0.950111	0.311912
		*TM_SCALEAXISANG 0.065194
	}
	*WIREFRAME_COLOR 0.650980	0.792157	0.941177
}
*GEOMOBJECT {
	*NODE_NAME "Bip01 Footsteps"
	*NODE_PARENT "Bip01"
	*NODE_TM {
		*NODE_NAME "Bip01 Footsteps"
		*TM_ROW0 1.000000	0.000000	0.000000
		*TM_ROW1 0.000000	1.000000	0.000000
		*TM_ROW2 0.000000	0.000000	1.000000
		*TM_ROW3 0.143950	6.202450	-0.143477
		*TM_POS 0.143950	6.202450	-0.143477
		*TM_ROTAXIS 0.000000	0.000000	0.000000
		*TM_ROTANGLE 0.000000
		*TM_SCALE 1.000000	1.000000	1.000000
		*TM_SCALEAXIS 0.000000	0.000000	0.000000
		*TM_SCALEAXISANG 0.000000
	}
	*WIREFRAME_COLOR 0.650980	0.792157	0.941177
}
*GEOMOBJECT {
	*NODE_NAME "Bip01 Pelvis"
	*NODE_PARENT "Bip01"
	*NODE_TM {
		*NODE_NAME "Bip01 Pelvis"
		*TM_ROW0 -0.022491	0.108118	0.993884
		*TM_ROW1 0.024625	-0.993774	0.108663
		*TM_ROW2 0.999444	0.026919	0.019688
		*TM_ROW3 -0.138178	7.771977	100.540863
		*TM_POS -0.138178	7.771977	100.540863
		*TM_ROTAXIS -0.698797	-0.047531	-0.713740
		*TM_ROTANGLE 3.083070
		*TM_SCALE 1.000000	1.000000	1.000000
		*TM_SCALEAXIS 0.556063	0.716392	-0.421399
		*TM_SCALEAXISANG 0.033849
	}
	*WIREFRAME_COLOR 0.878431	0.776471	0.341176
}
*GEOMOBJECT {
	*NODE_NAME "Bip01 Spine"
	*NODE_PARENT "Bip01 Pelvis"
	*NODE_TM {
		*NODE_NAME "Bip01 Spine"
		*TM_ROW0 0.010153	-0.006162	0.999930
		*TM_ROW1 0.019719	-0.999785	-0.006361
		*TM_ROW2 0.999754	0.019782	-0.010029
		*TM_ROW3 -0.146796	8.121355	102.918182
		*TM_POS -0.146796	8.121355	102.918182
		*TM_ROTAXIS -0.710658	-0.004769	-0.703522
		*TM_ROTANGLE 3.159987
		*TM_SCALE 1.000000	1.000000	1.000000
		*TM_SCALEAXIS -0.000003	0.520067	0.854126
		*TM_SCALEAXISANG 0.029550
	}
	*WIREFRAME_COLOR 0.031373	0.431373	0.525490
}
*GEOMOBJECT {
	*NODE_NAME "Bip01 Spine1"
	*NODE_PARENT "Bip01 Spine"
	*NODE_TM {
		*NODE_NAME "Bip01 Spine1"
		*TM_ROW0 0.011512	-0.001294	0.999933
		*TM_ROW1 0.019101	-0.999816	-0.001514
		*TM_ROW2 0.999751	0.019117	-0.011485
		*TM_ROW3 -0.047219	8.070981	112.744705
		*TM_POS -0.047219	8.070981	112.744705
		*TM_ROTAXIS -0.711147	-0.006260	-0.703016
		*TM_ROTANGLE 3.156099
		*TM_SCALE 1.000000	1.000000	1.000000
		*TM_SCALEAXIS -0.814555	0.252580	0.522210
		*TM_SCALEAXISANG 0.035579
	}
	*WIREFRAME_COLOR 0.031373	0.431373	0.525490
}
*GEOMOBJECT {
	*NODE_NAME "Bip01 Spine2"
	*NODE_PARENT "Bip01 Spine1"
	*NODE_TM {
		*NODE_NAME "Bip01 Spine2"
		*TM_ROW0 0.011255	0.156123	0.987674
		*TM_ROW1 0.010597	-0.987699	0.156006
		*TM_ROW2 0.999880	0.008710	-0.012771
		*TM_ROW3 0.099759	8.078006	125.529930
		*TM_POS 0.099759	8.078006	125.529930
		*TM_ROTAXIS -0.710135	-0.058852	-0.701602
		*TM_ROTANGLE 3.037696
		*TM_SCALE 1.000000	1.000000	1.000000
		*TM_SCALEAXIS -0.776553	0.630053	0.000002
		*TM_SCALEAXISANG 0.007886
	}
	*WIREFRAME_COLOR 0.031373	0.431373	0.525490
}
*GEOMOBJECT {
	*NODE_NAME "Bip01 Neck"
	*NODE_PARENT "Bip01 Spine2"
	*NODE_TM {
		*NODE_NAME "Bip01 Neck"
		*TM_ROW0 0.014202	-0.191106	0.981467
		*TM_ROW1 0.006108	-0.981531	-0.191207
		*TM_ROW2 0.999880	0.008710	-0.012772
		*TM_ROW3 0.437203	12.764535	155.145401
		*TM_POS 0.437203	12.764535	155.145401
		*TM_ROTAXIS -0.710378	0.065431	-0.700773
		*TM_ROTANGLE 3.282773
		*TM_SCALE 1.000000	1.000000	1.000000
		*TM_SCALEAXIS -0.623483	0.781837	0.000001
		*TM_SCALEAXISANG 0.007320
	}
	*WIREFRAME_COLOR 0.031373	0.431373	0.525490
}
*GEOMOBJECT {
	*NODE_NAME "Bip01 Head"
	*NODE_PARENT "Bip01 Neck"
	*NODE_TM {
		*NODE_NAME "Bip01 Head"
		*TM_ROW0 -0.010611	0.002218	0.999941
		*TM_ROW1 -0.042484	-0.999096	0.001765
		*TM_ROW2 0.999041	-0.042462	0.010696
		*TM_ROW3 0.534332	11.457519	161.857864
		*TM_POS 0.534332	11.457519	161.857864
		*TM_ROTAXIS -0.703256	0.014318	-0.710792
		*TM_ROTANGLE 3.110143
		*TM_SCALE 1.000000	1.000000	1.000000
		*TM_SCALEAXIS 0.000001	0.622385	0.782711
		*TM_SCALEAXISANG 0.065543
	}
	*WIREFRAME_COLOR 0.694118	0.580392	0.101961
}
*HELPEROBJECT {
	*NODE_NAME "Dummy05"
	*NODE_PARENT "Bip01 Head"
	*HELPER_CLASS "Dummy"
	*NODE_TM {
		*NODE_NAME "Dummy05"
		*TM_ROW0 -0.010611	0.002218	0.999941
		*TM_ROW1 -0.042484	-0.999096	0.001765
		*TM_ROW2 0.999041	-0.042462	0.010696
		*TM_ROW3 0.295307	11.507471	184.382095
		*TM_POS 0.295307	11.507471	184.382095
		*TM_ROTAXIS -0.703256	0.014318	-0.710792
		*TM_ROTANGLE 3.110143
		*TM_SCALE 1.000000	1.000000	1.000000
		*TM_SCALEAXIS 0.000001	0.622385	0.782711
		*TM_SCALEAXISANG 0.065543
	}
	*BOUNDINGBOX_MIN -2.667185	8.568519	181.531479
	*BOUNDINGBOX_MAX 3.257799	14.446424	187.232712
}
*GEOMOBJECT {
	*NODE_NAME "Bip01 L Clavicle"
	*NODE_PARENT "Bip01 Neck"
	*NODE_TM {
		*NODE_NAME "Bip01 L Clavicle"
		*TM_ROW0 0.964511	0.054777	-0.258299
		*TM_ROW1 -0.097366	0.983090	-0.155092
		*TM_ROW2 0.245436	0.174737	0.953535
		*TM_ROW3 8.313662	14.432004	149.356049
		*TM_POS 8.313662	14.432004	149.356049
		*TM_ROTAXIS 0.531096	-0.811123	-0.244982
		*TM_ROTANGLE 0.315737
		*TM_SCALE 1.000000	1.000000	1.000000
		*TM_SCALEAXIS 0.000000	0.760443	0.649405
		*TM_SCALEAXISANG 0.140965
	}
	*WIREFRAME_COLOR 0.109804	0.109804	0.694118
}
*GEOMOBJECT {
	*NODE_NAME "Bip01 L UpperArm"
	*NODE_PARENT "Bip01 L Clavicle"
	*NODE_TM {
		*NODE_NAME "Bip01 L UpperArm"
		*TM_ROW0 0.111290	-0.034231	-0.993198
		*TM_ROW1 0.334842	0.942261	0.005044
		*TM_ROW2 0.935679	-0.333126	0.116326
		*TM_ROW3 21.166739	15.161957	145.913940
		*TM_POS 21.166739	15.161957	145.913940
		*TM_ROTAXIS -0.169698	-0.967937	0.185206
		*TM_ROTANGLE 1.485755
		*TM_SCALE 1.000000	1.000000	1.000000
		*TM_SCALEAXIS 0.733991	-0.679159	0.000000
		*TM_SCALEAXISANG 0.331690
	}
	*WIREFRAME_COLOR 0.109804	0.109804	0.694118
}
*GEOMOBJECT {
	*NODE_NAME "Bip01 L Forearm"
	*NODE_PARENT "Bip01 L UpperArm"
	*NODE_TM {
		*NODE_NAME "Bip01 L Forearm"
		*TM_ROW0 -0.036279	-0.418752	-0.907376
		*TM_ROW1 0.350982	0.844792	-0.403903
		*TM_ROW2 0.935679	-0.333126	0.116326
		*TM_ROW3 24.272423	14.206702	118.197533
		*TM_POS 24.272423	14.206702	118.197533
		*TM_ROTAXIS 0.035414	-0.922179	0.385139
		*TM_ROTANGLE 1.608386
		*TM_SCALE 1.000000	1.000000	1.000000
		*TM_SCALEAXIS -0.000000	-0.024691	-0.999695
		*TM_SCALEAXISANG 0.177314
	}
	*WIREFRAME_COLOR 0.109804	0.109804	0.694118
}
*GEOMOBJECT {
	*NODE_NAME "Bip01 L Hand"
	*NODE_PARENT "Bip01 L Forearm"
	*NODE_TM {
		*NODE_NAME "Bip01 L Hand"
		*TM_ROW0 -0.114926	-0.479701	-0.869873
		*TM_ROW1 -0.936279	0.344905	-0.066502
		*TM_ROW2 0.331925	0.806800	-0.488773
		*TM_ROW3 23.263273	2.558566	92.957687
		*TM_POS 23.263273	2.558566	92.957687
		*TM_ROTAXIS 0.561910	-0.773274	-0.293776
		*TM_ROTANGLE 2.251573
		*TM_SCALE 1.000000	1.000000	1.000000
		*TM_SCALEAXIS 0.000000	0.000000	0.000000
		*TM_SCALEAXISANG 0.000000
	}
	*WIREFRAME_COLOR 0.109804	0.109804	0.694118
}
*GEOMOBJECT {
	*NODE_NAME "Bip01 L Finger0"
	*NODE_PARENT "Bip01 L Hand"
	*NODE_TM {
		*NODE_NAME "Bip01 L Finger0"
		*TM_ROW0 -0.114926	-0.479701	-0.869873
		*TM_ROW1 -0.936543	0.344263	-0.066113
		*TM_ROW2 0.331179	0.807075	-0.488826
		*TM_ROW3 21.784189	-3.615120	81.762550
		*TM_POS 21.784189	-3.615120	81.762550
		*TM_ROTAXIS 0.562040	-0.773074	-0.294053
		*TM_ROTANGLE 2.252021
		*TM_SCALE 1.000000	1.000000	1.000000
		*TM_SCALEAXIS 0.000000	0.000000	0.000000
		*TM_SCALEAXISANG 0.000000
	}
	*WIREFRAME_COLOR 0.525490	0.023529	0.023529
}
*HELPEROBJECT {
	*NODE_NAME "Dummy02"
	*NODE_PARENT "Bip01 L Finger0"
	*HELPER_CLASS "Dummy"
	*NODE_TM {
		*NODE_NAME "Dummy02"
		*TM_ROW0 -0.114926	-0.479701	-0.869873
		*TM_ROW1 -0.936543	0.344263	-0.066113
		*TM_ROW2 0.331179	0.807075	-0.488826
		*TM_ROW3 21.525312	-4.695673	79.803116
		*TM_POS 21.525312	-4.695673	79.803116
		*TM_ROTAXIS 0.562040	-0.773074	-0.294053
		*TM_ROTANGLE 2.252021
		*TM_SCALE 1.000000	1.000000	1.000000
		*TM_SCALEAXIS 0.000000	0.000000	0.000000
		*TM_SCALEAXISANG 0.000000
	}
	*BOUNDINGBOX_MIN 20.768263	-5.524128	79.164040
	*BOUNDINGBOX_MAX 22.282362	-3.867219	80.442192
}
*GEOMOBJECT {
	*NODE_NAME "Bip01 R Clavicle"
	*NODE_PARENT "Bip01 Neck"
	*NODE_TM {
		*NODE_NAME "Bip01 R Clavicle"
		*TM_ROW0 -0.962686	0.061330	-0.263580
		*TM_ROW1 0.105599	0.981902	-0.157214
		*TM_ROW2 0.249168	-0.179182	-0.951740
		*TM_ROW3 -7.612404	14.293221	149.559464
		*TM_POS -7.612404	14.293221	149.559464
		*TM_ROTAXIS -0.042645	-0.995387	0.085939
		*TM_ROTANGLE 2.881094
		*TM_SCALE 1.000000	1.000000	1.000000
		*TM_SCALEAXIS -0.000000	-0.823910	0.566720
		*TM_SCALEAXISANG 0.216978
	}
	*WIREFRAME_COLOR 0.023529	0.525490	0.023529
}
*GEOMOBJECT {
	*NODE_NAME "Bip01 R UpperArm"
	*NODE_PARENT "Bip01 R Clavicle"
	*NODE_TM {
		*NODE_NAME "Bip01 R UpperArm"
		*TM_ROW0 -0.160603	-0.093218	-0.982607
		*TM_ROW1 -0.499574	0.866271	-0.000528
		*TM_ROW2 0.851253	0.490801	-0.185695
		*TM_ROW3 -20.441158	15.110509	146.046997
		*TM_POS -20.441158	15.110509	146.046997
		*TM_ROTAXIS 0.253061	-0.944540	-0.209296
		*TM_ROTANGLE 1.813176
		*TM_SCALE 1.000000	1.000000	1.000000
		*TM_SCALEAXIS -0.871560	0.490289	-0.000000
		*TM_SCALEAXISANG 0.419043
	}
	*WIREFRAME_COLOR 0.023529	0.525490	0.023529
}
*GEOMOBJECT {
	*NODE_NAME "Bip01 R Forearm"
	*NODE_PARENT "Bip01 R UpperArm"
	*NODE_TM {
		*NODE_NAME "Bip01 R Forearm"
		*TM_ROW0 -0.032168	-0.304398	-0.952002
		*TM_ROW1 -0.523768	0.816368	-0.243332
		*TM_ROW2 0.851253	0.490801	-0.185695
		*TM_ROW3 -24.922974	12.509157	118.626137
		*TM_POS -24.922974	12.509157	118.626137
		*TM_ROTAXIS 0.374694	-0.920363	-0.111964
		*TM_ROTANGLE 1.772917
		*TM_SCALE 1.000000	1.000000	1.000000
		*TM_SCALEAXIS -0.999850	0.017327	0.000000
		*TM_SCALEAXISANG 0.551391
	}
	*WIREFRAME_COLOR 0.023529	0.525490	0.023529
}
*GEOMOBJECT {
	*NODE_NAME "Bip01 R Hand"
	*NODE_PARENT "Bip01 R Forearm"
	*NODE_TM {
		*NODE_NAME "Bip01 R Hand"
		*TM_ROW0 0.081071	-0.391256	-0.916704
		*TM_ROW1 0.854658	0.500506	-0.138035
		*TM_ROW2 0.512823	-0.772278	0.374966
		*TM_ROW3 -25.817755	4.041921	92.144966
		*TM_POS -25.817755	4.041921	92.144966
		*TM_ROTAXIS -0.317196	-0.714932	0.623104
		*TM_ROTANGLE 1.592526
		*TM_SCALE 1.000000	1.000000	1.000000
		*TM_SCALEAXIS -0.983827	-0.000000	0.179119
		*TM_SCALEAXISANG 0.374560
	}
	*WIREFRAME_COLOR 0.023529	0.525490	0.023529
}
*GEOMOBJECT {
	*NODE_NAME "Bip01 R Finger0"
	*NODE_PARENT "Bip01 R Hand"
	*NODE_TM {
		*NODE_NAME "Bip01 R Finger0"
		*TM_ROW0 0.081071	-0.391256	-0.916704
		*TM_ROW1 0.855066	0.499891	-0.137737
		*TM_ROW2 0.512142	-0.772676	0.375076
		*TM_ROW3 -24.774378	-0.993482	80.347115
		*TM_POS -24.774378	-0.993482	80.347115
		*TM_ROTAXIS -0.317546	-0.714596	0.623311
		*TM_ROTANGLE 1.592779
		*TM_SCALE 1.000000	1.000000	1.000000
		*TM_SCALEAXIS -0.902341	-0.000001	0.431022
		*TM_SCALEAXISANG 0.212112
	}
	*WIREFRAME_COLOR 0.878431	0.776471	0.341176
}
*HELPEROBJECT {
	*NODE_NAME "Dummy01"
	*NODE_PARENT "Bip01 R Finger0"
	*HELPER_CLASS "Dummy"
	*NODE_TM {
		*NODE_NAME "Dummy01"
		*TM_ROW0 0.081071	-0.391256	-0.916704
		*TM_ROW1 0.855066	0.499891	-0.137737
		*TM_ROW2 -0.512142	0.772676	-0.375076
		*TM_ROW3 -24.591761	-1.874806	78.282188
		*TM_POS -24.591761	-1.874806	78.282188
		*TM_ROTAXIS -0.570588	0.253553	-0.781114
		*TM_ROTANGLE 2.217981
		*TM_SCALE 1.000000	1.000000	1.000000
		*TM_SCALEAXIS 0.902341	0.000001	0.431022
		*TM_SCALEAXISANG 0.212112
	}
	*BOUNDINGBOX_MIN -25.392124	-2.738325	77.649246
	*BOUNDINGBOX_MAX -23.791397	-1.011288	78.915131
}
*GEOMOBJECT {
	*NODE_NAME "Bip01 L Thigh"
	*NODE_PARENT "Bip01 Spine"
	*NODE_TM {
		*NODE_NAME "Bip01 L Thigh"
		*TM_ROW0 0.111032	-0.016614	-0.993678
		*TM_ROW1 0.055193	-0.998214	0.022857
		*TM_ROW2 -0.992283	-0.057382	-0.109917
		*TM_ROW3 8.867028	8.014501	100.718246
		*TM_POS 8.867028	8.014501	100.718246
		*TM_ROTAXIS -0.745113	-0.012953	0.666813
		*TM_ROTANGLE 3.087723
		*TM_SCALE 1.000000	1.000000	1.000000
		*TM_SCALEAXIS -0.185733	0.912050	-0.365608
		*TM_SCALEAXISANG 0.055039
	}
	*WIREFRAME_COLOR 0.109804	0.109804	0.694118
}
*GEOMOBJECT {
	*NODE_NAME "Bip01 L Calf"
	*NODE_PARENT "Bip01 L Thigh"
	*NODE_TM {
		*NODE_NAME "Bip01 L Calf"
		*TM_ROW0 0.099884	0.155332	-0.982800
		*TM_ROW1 0.073468	-0.986194	-0.148401
		*TM_ROW2 -0.992283	-0.057382	-0.109917
		*TM_ROW3 13.235557	7.360821	61.622154
		*TM_POS 13.235557	7.360821	61.622154
		*TM_ROTAXIS -0.741294	-0.077235	0.666722
		*TM_ROTANGLE 3.203024
		*TM_SCALE 1.000000	1.000000	1.000000
		*TM_SCALEAXIS -0.683641	0.729818	0.000000
		*TM_SCALEAXISANG 0.172418
	}
	*WIREFRAME_COLOR 0.109804	0.109804	0.694118
}
*GEOMOBJECT {
	*NODE_NAME "Bip01 L Foot"
	*NODE_PARENT "Bip01 L Calf"
	*NODE_TM {
		*NODE_NAME "Bip01 L Foot"
		*TM_ROW0 -0.000835	0.033978	-0.999422
		*TM_ROW1 0.139869	-0.989594	-0.033761
		*TM_ROW2 -0.990170	-0.139817	-0.003926
		*TM_ROW3 18.139606	14.987238	13.368980
		*TM_POS 18.139606	14.987238	13.368980
		*TM_ROTAXIS -0.706311	-0.061621	0.705215
		*TM_ROTANGLE 3.066445
		*TM_SCALE 1.000000	1.000000	1.000000
		*TM_SCALEAXIS -0.345844	0.000000	-0.938292
		*TM_SCALEAXISANG 0.127974
	}
	*WIREFRAME_COLOR 0.109804	0.109804	0.694118
}
*GEOMOBJECT {
	*NODE_NAME "Bip01 L Toe0"
	*NODE_PARENT "Bip01 L Foot"
	*NODE_TM {
		*NODE_NAME "Bip01 L Toe0"
		*TM_ROW0 0.139869	-0.989594	-0.033761
		*TM_ROW1 0.000835	-0.033978	0.999422
		*TM_ROW2 -0.990170	-0.139817	-0.003926
		*TM_ROW3 21.296234	-6.991919	-0.014942
		*TM_POS 21.296234	-6.991919	-0.014942
		*TM_ROTAXIS -0.637498	0.535190	0.554227
		*TM_ROTANGLE 2.036462
		*TM_SCALE 1.000000	1.000000	1.000000
		*TM_SCALEAXIS 0.000000	0.345844	-0.938292
		*TM_SCALEAXISANG 0.127974
	}
	*WIREFRAME_COLOR 0.423529	0.031373	0.533333
}
*HELPEROBJECT {
	*NODE_NAME "Dummy04"
	*NODE_PARENT "Bip01 L Toe0"
	*HELPER_CLASS "Dummy"
	*NODE_TM {
		*NODE_NAME "Dummy04"
		*TM_ROW0 0.139869	-0.989594	-0.033761
		*TM_ROW1 0.000835	-0.033978	0.999422
		*TM_ROW2 0.990170	0.139817	0.003926
		*TM_ROW3 21.485271	-8.329388	-0.060571
		*TM_POS 21.485271	-8.329388	-0.060571
		*TM_ROTAXIS -0.516645	-0.615409	0.595273
		*TM_ROTANGLE 4.124136
		*TM_SCALE 1.000000	1.000000	1.000000
		*TM_SCALEAXIS -0.000000	-0.345844	-0.938292
		*TM_SCALEAXISANG 0.127974
	}
	*BOUNDINGBOX_MIN 21.118921	-8.611022	-0.407191
	*BOUNDINGBOX_MAX 21.851622	-8.047753	0.286048
}
*GEOMOBJECT {
	*NODE_NAME "Bip01 R Thigh"
	*NODE_PARENT "Bip01 Spine"
	*NODE_TM {
		*NODE_NAME "Bip01 R Thigh"
		*TM_ROW0 -0.123957	0.013517	-0.992196
		*TM_ROW1 -0.071559	-0.997425	-0.004649
		*TM_ROW2 -0.989704	0.070424	0.124605
		*TM_ROW3 -9.143384	7.529445	100.363480
		*TM_POS -9.143384	7.529445	100.363480
		*TM_ROTAXIS 0.661490	-0.021954	-0.749633
		*TM_ROTANGLE 3.084817
		*TM_SCALE 1.000000	1.000000	1.000000
		*TM_SCALEAXIS -0.611453	0.791281	-0.000000
		*TM_SCALEAXISANG 0.128638
	}
	*WIREFRAME_COLOR 0.023529	0.525490	0.023529
}
*GEOMOBJECT {
	*NODE_NAME "Bip01 R Calf"
	*NODE_PARENT "Bip01 R Thigh"
	*NODE_TM {
		*NODE_NAME "Bip01 R Calf"
		*TM_ROW0 -0.113835	0.140419	-0.983526
		*TM_ROW1 -0.086761	-0.987584	-0.130957
		*TM_ROW2 -0.989704	0.070424	0.124605
		*TM_ROW3 -14.020437	8.061280	61.325706
		*TM_POS -14.020437	8.061280	61.325706
		*TM_ROTAXIS 0.663201	0.020345	-0.748165
		*TM_ROTANGLE 2.989178
		*TM_SCALE 1.000000	1.000000	1.000000
		*TM_SCALEAXIS 0.094921	0.000000	-0.995485
		*TM_SCALEAXISANG 0.231054
	}
	*WIREFRAME_COLOR 0.023529	0.525490	0.023529
}
*GEOMOBJECT {
	*NODE_NAME "Bip01 R Foot"
	*NODE_PARENT "Bip01 R Calf"
	*NODE_TM {
		*NODE_NAME "Bip01 R Foot"
		*TM_ROW0 -0.018490	0.022571	-0.999574
		*TM_ROW1 -0.089772	-0.995745	-0.020824
		*TM_ROW2 -0.995791	0.089348	0.020437
		*TM_ROW3 -19.609482	14.955549	13.036855
		*TM_POS -19.609482	14.955549	13.036855
		*TM_ROTAXIS 0.699974	-0.024039	-0.713763
		*TM_ROTANGLE 3.062814
		*TM_SCALE 1.000000	1.000000	1.000000
		*TM_SCALEAXIS 0.958527	-0.285002	0.000000
		*TM_SCALEAXISANG 0.102743
	}
	*WIREFRAME_COLOR 0.023529	0.525490	0.023529
}
*GEOMOBJECT {
	*NODE_NAME "Bip01 R Toe0"
	*NODE_PARENT "Bip01 R Foot"
	*NODE_TM {
		*NODE_NAME "Bip01 R Toe0"
		*TM_ROW0 -0.089772	-0.995745	-0.020824
		*TM_ROW1 0.018490	-0.022571	0.999574
		*TM_ROW2 -0.995791	0.089348	0.020437
		*TM_ROW3 -21.875719	-7.306921	-0.056028
		*TM_POS -21.875719	-7.306921	-0.056028
		*TM_ROTAXIS 0.543213	-0.581850	-0.605285
		*TM_ROTANGLE 4.134863
		*TM_SCALE 1.000000	1.000000	1.000000
		*TM_SCALEAXIS -0.285002	-0.958527	0.000000
		*TM_SCALEAXISANG 0.102743
	}
	*WIREFRAME_COLOR 0.443137	0.525490	0.023529
}
*HELPEROBJECT {
	*NODE_NAME "Dummy03"
	*NODE_PARENT "Bip01 R Toe0"
	*HELPER_CLASS "Dummy"
	*NODE_TM {
		*NODE_NAME "Dummy03"
		*TM_ROW0 -0.089772	-0.995745	-0.020824
		*TM_ROW1 0.018490	-0.022571	0.999574
		*TM_ROW2 -0.995791	0.089348	0.020437
		*TM_ROW3 -21.997049	-8.652702	-0.084172
		*TM_POS -21.997049	-8.652702	-0.084172
		*TM_ROTAXIS 0.543213	-0.581850	-0.605285
		*TM_ROTANGLE 4.134863
		*TM_SCALE 1.000000	1.000000	1.000000
		*TM_SCALEAXIS -0.285002	-0.958527	0.000000
		*TM_SCALEAXISANG 0.102743
	}
	*BOUNDINGBOX_MIN -22.359980	-8.914815	-0.433507
	*BOUNDINGBOX_MAX -21.634119	-8.390590	0.265163
}
*GEOMOBJECT {
	*NODE_NAME "zm_Body"
	*NODE_TM {
		*NODE_NAME "zm_Body"
		*TM_ROW0 1.000000	0.000000	0.000000
		*TM_ROW1 0.000000	1.000000	0.000000
		*TM_ROW2 0.000000	0.000000	1.000000
		*TM_ROW3 0.000004	3.741303	83.406830
		*TM_POS 0.000004	3.741303	83.406830
		*TM_ROTAXIS 0.000000	0.000000	0.000000
		*TM_ROTANGLE 0.000000
		*TM_SCALE 1.000000	1.000000	1.000000
		*TM_SCALEAXIS 0.000000	0.000000	0.000000
		*TM_SCALEAXISANG 0.000000
	}
	*MATERIAL_REF 0
	*MESH_SOFTSKIN {
		*TIMEVALUE 0
		*MESH_NUMVERTEX 419
		*MESH_NUMFACES 808
		*MESH_VERTEX_LIST {
			*MESH_VERTEX    0	-0.713530	20.167675	96.329758
			*MESH_VERTEX    1	8.199432	18.869917	96.103386
			*MESH_VERTEX    2	-8.571113	19.254732	95.777077
			*MESH_VERTEX    3	-0.370400	19.037083	103.048210
			*MESH_VERTEX    4	-23.309755	4.606309	143.988663
			*MESH_VERTEX    5	-26.004782	21.074520	146.142334
			*MESH_VERTEX    6	-29.634834	12.922831	146.100067
			*MESH_VERTEX    7	-20.711994	26.937593	141.220093
			*MESH_VERTEX    8	0.224078	25.044813	139.242401
			*MESH_VERTEX    9	0.494995	3.113318	149.224167
			*MESH_VERTEX   10	0.353807	-8.724880	127.122543
			*MESH_VERTEX   11	0.313036	24.617149	153.519684
			*MESH_VERTEX   12	0.330312	-9.070483	119.069763
			*MESH_VERTEX   13	-0.263546	23.020138	118.025864
			*MESH_VERTEX   14	-0.100830	25.231094	127.067596
			*MESH_VERTEX   15	-16.616228	26.167477	147.902237
			*MESH_VERTEX   16	-18.580315	21.595636	153.016663
			*MESH_VERTEX   17	-16.826914	0.071978	144.076920
			*MESH_VERTEX   18	-10.806081	12.302926	161.328568
			*MESH_VERTEX   19	-20.586618	19.826750	137.399963
			*MESH_VERTEX   20	-19.450445	1.472538	150.452606
			*MESH_VERTEX   21	-20.748343	7.102337	118.001228
			*MESH_VERTEX   22	-13.669384	-5.935668	119.056160
			*MESH_VERTEX   23	-13.433628	19.185665	118.092773
			*MESH_VERTEX   24	-12.920273	22.114412	128.000549
			*MESH_VERTEX   25	-22.152012	8.504782	128.997559
			*MESH_VERTEX   26	-14.015053	-5.621917	128.112396
			*MESH_VERTEX   27	-16.836998	3.898447	139.080093
			*MESH_VERTEX   28	-19.940580	5.366178	136.352539
			*MESH_VERTEX   29	-11.116423	24.522755	136.801468
			*MESH_VERTEX   30	-12.103335	17.273651	115.584267
			*MESH_VERTEX   31	-0.228628	19.754906	115.849640
			*MESH_VERTEX   32	-17.483177	8.115268	115.737831
			*MESH_VERTEX   33	-12.565796	-3.261132	115.914314
			*MESH_VERTEX   34	0.281968	-7.452003	115.711647
			*MESH_VERTEX   35	-11.735787	2.886031	153.629547
			*MESH_VERTEX   36	0.514796	20.941551	166.797089
			*MESH_VERTEX   37	-31.861401	12.000666	150.937607
			*MESH_VERTEX   38	-28.205412	3.731746	147.988495
			*MESH_VERTEX   39	-30.988508	21.416662	150.852615
			*MESH_VERTEX   40	-21.444056	12.360163	155.511200
			*MESH_VERTEX   41	-6.027760	-4.239975	146.918777
			*MESH_VERTEX   42	-5.189443	18.292274	166.771484
			*MESH_VERTEX   43	-8.719442	1.864942	159.054916
			*MESH_VERTEX   44	-8.583243	11.140504	165.270096
			*MESH_VERTEX   45	-6.860963	18.614635	159.479691
			*MESH_VERTEX   46	24.687769	4.584413	143.980576
			*MESH_VERTEX   47	26.283064	21.489069	145.725769
			*MESH_VERTEX   48	30.471148	13.650846	145.774094
			*MESH_VERTEX   49	20.497746	26.821726	140.819992
			*MESH_VERTEX   50	17.396511	26.179441	147.473480
			*MESH_VERTEX   51	19.283615	21.759483	152.688553
			*MESH_VERTEX   52	17.510838	0.095307	144.307281
			*MESH_VERTEX   53	11.841084	12.500240	161.039276
			*MESH_VERTEX   54	20.800716	20.011824	136.917389
			*MESH_VERTEX   55	20.150017	1.660484	150.712601
			*MESH_VERTEX   56	20.305935	9.011711	119.039070
			*MESH_VERTEX   57	14.205554	-5.431151	118.737404
			*MESH_VERTEX   58	13.036644	19.673859	117.791710
			*MESH_VERTEX   59	12.815384	22.444523	127.669296
			*MESH_VERTEX   60	21.729048	9.423318	130.524353
			*MESH_VERTEX   61	14.657750	-6.088186	127.744019
			*MESH_VERTEX   62	18.226797	3.606418	139.313766
			*MESH_VERTEX   63	20.598120	5.533370	135.956116
			*MESH_VERTEX   64	15.440008	24.731281	137.035904
			*MESH_VERTEX   65	11.454589	17.818233	115.541733
			*MESH_VERTEX   66	17.302523	9.074904	115.682404
			*MESH_VERTEX   67	12.975126	-2.808249	115.868309
			*MESH_VERTEX   68	12.738856	3.100856	153.314758
			*MESH_VERTEX   69	32.853943	13.004331	150.563370
			*MESH_VERTEX   70	29.738832	4.459926	147.906296
			*MESH_VERTEX   71	31.317341	22.293957	150.286331
			*MESH_VERTEX   72	22.133549	12.702821	155.450867
			*MESH_VERTEX   73	7.005292	-4.117619	146.749634
			*MESH_VERTEX   74	6.261806	18.392042	166.625214
			*MESH_VERTEX   75	9.879207	2.026978	158.817352
			*MESH_VERTEX   76	9.740228	11.300142	165.036041
			*MESH_VERTEX   77	7.740675	18.741852	159.293167
			*MESH_VERTEX   78	-11.409516	16.620388	110.024765
			*MESH_VERTEX   79	-0.289091	19.439686	110.332916
			*MESH_VERTEX   80	-16.485388	6.798911	110.084763
			*MESH_VERTEX   81	-11.813150	-3.060929	110.053871
			*MESH_VERTEX   82	0.226433	-7.074687	109.878197
			*MESH_VERTEX   83	10.425128	17.426062	110.149490
			*MESH_VERTEX   84	16.210241	8.631825	110.197792
			*MESH_VERTEX   85	12.488873	-2.002766	110.123863
			*MESH_VERTEX   86	0.093618	-9.799582	104.727905
			*MESH_VERTEX   87	-15.421631	-5.724708	104.548157
			*MESH_VERTEX   88	-0.260873	22.182924	106.306076
			*MESH_VERTEX   89	-14.332289	18.011559	105.419365
			*MESH_VERTEX   90	-20.387606	9.749486	105.415504
			*MESH_VERTEX   91	14.425188	-5.025140	105.677063
			*MESH_VERTEX   92	13.706754	18.641287	105.469261
			*MESH_VERTEX   93	19.704378	10.617325	106.100136
			*MESH_VERTEX   94	9.886398	-11.459120	84.936668
			*MESH_VERTEX   95	-20.602419	-7.775337	84.178406
			*MESH_VERTEX   96	-7.433431	23.998623	79.186432
			*MESH_VERTEX   97	-19.924864	20.034300	79.005150
			*MESH_VERTEX   98	-25.588066	9.191820	81.367271
			*MESH_VERTEX   99	19.679129	-8.414354	86.209930
			*MESH_VERTEX  100	19.459785	19.865427	81.404266
			*MESH_VERTEX  101	24.261578	9.616119	84.108101
			*MESH_VERTEX  102	2.700521	-10.146471	96.821007
			*MESH_VERTEX  103	17.446478	-6.251961	97.787010
			*MESH_VERTEX  104	22.530647	10.127423	96.986282
			*MESH_VERTEX  105	17.970243	20.019907	95.540596
			*MESH_VERTEX  106	-3.236315	23.722095	94.351250
			*MESH_VERTEX  107	-17.465508	19.526070	94.963249
			*MESH_VERTEX  108	-22.931150	9.186557	95.953796
			*MESH_VERTEX  109	-17.929693	-6.824428	96.596130
			*MESH_VERTEX  110	-10.712128	-10.852750	83.994652
			*MESH_VERTEX  111	-3.878337	-10.730362	96.755653
			*MESH_VERTEX  112	8.470413	23.363533	79.628876
			*MESH_VERTEX  113	3.280405	23.865913	93.994995
			*MESH_VERTEX  114	-15.421631	-5.724708	104.548157
			*MESH_VERTEX  115	-14.896437	17.511417	103.833969
			*MESH_VERTEX  116	14.425188	-5.025140	105.677063
			*MESH_VERTEX  117	13.774353	17.883085	104.710876
			*MESH_VERTEX  118	9.886398	-11.459120	84.936668
			*MESH_VERTEX  119	-20.602419	-7.775337	84.178406
			*MESH_VERTEX  120	-7.433431	23.998623	79.186432
			*MESH_VERTEX  121	-19.924864	20.034300	79.005150
			*MESH_VERTEX  122	-25.588066	9.191820	81.367271
			*MESH_VERTEX  123	19.679129	-8.414354	86.209930
			*MESH_VERTEX  124	19.459785	19.865427	81.404266
			*MESH_VERTEX  125	24.261578	9.616119	84.108101
			*MESH_VERTEX  126	17.446478	-6.251961	97.787010
			*MESH_VERTEX  127	22.530647	10.127423	96.986282
			*MESH_VERTEX  128	17.970243	20.019907	95.540596
			*MESH_VERTEX  129	-22.931150	9.186557	95.953796
			*MESH_VERTEX  130	-10.712128	-10.852750	83.994652
			*MESH_VERTEX  131	8.470413	23.363533	79.628876
			*MESH_VERTEX  132	8.555737	11.079721	33.183548
			*MESH_VERTEX  133	6.725128	11.727303	11.300491
			*MESH_VERTEX  134	28.543537	14.560308	12.371803
			*MESH_VERTEX  135	18.392387	21.472477	33.706371
			*MESH_VERTEX  136	7.417655	23.885353	11.955292
			*MESH_VERTEX  137	11.721823	20.252666	33.407120
			*MESH_VERTEX  138	24.335665	1.727473	14.619072
			*MESH_VERTEX  139	23.056784	11.263745	34.167530
			*MESH_VERTEX  140	13.809569	0.329516	14.330643
			*MESH_VERTEX  141	11.292679	16.158146	19.827271
			*MESH_VERTEX  142	22.342350	16.414181	20.524307
			*MESH_VERTEX  143	15.787617	22.674910	20.237656
			*MESH_VERTEX  144	17.657431	6.651771	19.506912
			*MESH_VERTEX  145	10.445138	15.788836	12.235031
			*MESH_VERTEX  146	23.152508	16.900843	13.138123
			*MESH_VERTEX  147	12.501007	22.143177	14.328339
			*MESH_VERTEX  148	17.761179	7.270669	15.467896
			*MESH_VERTEX  149	14.560556	2.125428	11.299606
			*MESH_VERTEX  150	22.369654	-8.036379	8.552399
			*MESH_VERTEX  151	22.212776	-10.703870	0.830276
			*MESH_VERTEX  152	27.774132	-6.193169	-0.148125
			*MESH_VERTEX  153	24.528259	3.670159	11.110214
			*MESH_VERTEX  154	22.242775	18.951897	0.087776
			*MESH_VERTEX  155	10.227627	16.210979	0.101410
			*MESH_VERTEX  156	17.344395	-8.824169	0.056641
			*MESH_VERTEX  157	27.375805	3.673362	-0.636147
			*MESH_VERTEX  158	13.820891	21.731628	2.169548
			*MESH_VERTEX  159	13.200027	3.008623	32.993088
			*MESH_VERTEX  160	20.388521	3.126460	33.419403
			*MESH_VERTEX  161	12.765482	0.533807	-0.131905
			*MESH_VERTEX  162	20.741146	26.472511	11.783501
			*MESH_VERTEX  163	-9.038142	10.634384	33.180729
			*MESH_VERTEX  164	-8.396206	11.335829	10.985352
			*MESH_VERTEX  165	-27.731533	12.920852	12.157730
			*MESH_VERTEX  166	-21.191759	19.651913	33.466839
			*MESH_VERTEX  167	-13.047846	25.127235	11.170288
			*MESH_VERTEX  168	-13.558301	20.232216	33.312489
			*MESH_VERTEX  169	-23.801239	0.615089	14.227425
			*MESH_VERTEX  170	-24.308277	11.302625	33.835365
			*MESH_VERTEX  171	-15.522709	-0.318274	13.940399
			*MESH_VERTEX  172	-12.822531	15.448262	19.535858
			*MESH_VERTEX  173	-23.872330	15.165010	20.218945
			*MESH_VERTEX  174	-17.625984	21.737152	20.014194
			*MESH_VERTEX  175	-18.721956	5.652030	19.097504
			*MESH_VERTEX  176	-11.996682	15.332981	11.889404
			*MESH_VERTEX  177	-24.614082	15.850427	12.765694
			*MESH_VERTEX  178	-14.833418	21.617640	14.046089
			*MESH_VERTEX  179	-18.792303	6.331883	15.154343
			*MESH_VERTEX  180	-15.383804	1.355147	11.000229
			*MESH_VERTEX  181	-23.169367	-9.132524	8.234550
			*MESH_VERTEX  182	-21.697842	-11.902771	0.495834
			*MESH_VERTEX  183	-28.172022	-7.619269	-0.439323
			*MESH_VERTEX  184	-25.418898	2.404408	10.810860
			*MESH_VERTEX  185	-23.846937	17.788136	-0.222160
			*MESH_VERTEX  186	-11.766168	15.643248	-0.202858
			*MESH_VERTEX  187	-17.624853	-9.729619	-0.239571
			*MESH_VERTEX  188	-28.263149	2.257736	-0.933426
			*MESH_VERTEX  189	-15.839280	21.036798	1.856300
			*MESH_VERTEX  190	-12.546439	2.726950	32.353344
			*MESH_VERTEX  191	-20.682384	2.148976	32.498634
			*MESH_VERTEX  192	-13.514523	-0.154148	-0.429726
			*MESH_VERTEX  193	-22.157261	25.257896	11.576767
			*MESH_VERTEX  194	-11.060616	-3.947293	53.773540
			*MESH_VERTEX  195	-18.050158	-4.787375	53.986382
			*MESH_VERTEX  196	-6.697705	17.299961	41.989803
			*MESH_VERTEX  197	-25.158087	13.214189	42.125393
			*MESH_VERTEX  198	-16.839516	21.019268	41.700809
			*MESH_VERTEX  199	-26.371567	6.622354	41.843052
			*MESH_VERTEX  200	-5.002480	4.851312	41.371025
			*MESH_VERTEX  201	-19.344995	3.017313	85.158920
			*MESH_VERTEX  202	-15.352192	13.645469	82.649895
			*MESH_VERTEX  203	1.410138	6.460015	76.736336
			*MESH_VERTEX  204	-4.495613	-6.866034	86.986259
			*MESH_VERTEX  205	-13.974831	-7.308220	88.205559
			*MESH_VERTEX  206	-5.734971	15.845584	80.585701
			*MESH_VERTEX  207	-22.672852	5.347339	58.079586
			*MESH_VERTEX  208	-20.099588	15.618740	57.160583
			*MESH_VERTEX  209	-10.747019	16.627268	56.781021
			*MESH_VERTEX  210	-3.411933	7.774456	58.825798
			*MESH_VERTEX  211	-10.804117	-7.483871	62.165932
			*MESH_VERTEX  212	-17.165136	-8.345366	62.631859
			*MESH_VERTEX  213	-11.253674	0.109783	39.947880
			*MESH_VERTEX  214	-20.591721	-2.213245	40.742275
			*MESH_VERTEX  215	11.390998	-1.886495	54.032623
			*MESH_VERTEX  216	18.166250	-1.776448	54.726807
			*MESH_VERTEX  217	6.999186	16.440792	41.503475
			*MESH_VERTEX  218	24.904160	12.949598	41.801094
			*MESH_VERTEX  219	16.269379	21.917358	41.558468
			*MESH_VERTEX  220	24.888334	5.485960	42.882469
			*MESH_VERTEX  221	5.908638	4.552288	41.149231
			*MESH_VERTEX  222	19.812878	4.068964	85.909584
			*MESH_VERTEX  223	15.490638	16.185352	82.976341
			*MESH_VERTEX  224	-1.394052	7.957911	77.118279
			*MESH_VERTEX  225	5.567669	-6.824593	86.718849
			*MESH_VERTEX  226	14.974892	-5.702607	87.990402
			*MESH_VERTEX  227	5.377440	16.666079	80.953461
			*MESH_VERTEX  228	21.891346	7.225284	58.522953
			*MESH_VERTEX  229	18.414267	17.656467	57.436401
			*MESH_VERTEX  230	8.402594	17.553110	56.969288
			*MESH_VERTEX  231	4.054242	7.297532	59.236534
			*MESH_VERTEX  232	11.373370	-5.303532	61.770813
			*MESH_VERTEX  233	17.556580	-5.264044	62.299725
			*MESH_VERTEX  234	11.885240	0.663230	40.100948
			*MESH_VERTEX  235	20.132603	-0.224229	41.448139
			*MESH_VERTEX  236	-0.021434	8.463143	82.366547
			*MESH_VERTEX  237	-13.810072	-3.524743	98.846832
			*MESH_VERTEX  238	-17.181292	5.516778	98.448441
			*MESH_VERTEX  239	-12.638433	17.669945	101.522415
			*MESH_VERTEX  240	-1.849033	-5.104330	92.239349
			*MESH_VERTEX  241	-5.030771	16.750372	85.236618
			*MESH_VERTEX  242	13.848598	-3.358521	99.782410
			*MESH_VERTEX  243	17.442911	5.372623	99.105415
			*MESH_VERTEX  244	11.535935	17.311134	101.708107
			*MESH_VERTEX  245	1.970401	-5.068120	92.368896
			*MESH_VERTEX  246	4.563713	16.885666	85.381912
			*MESH_VERTEX  247	-15.763934	13.498888	88.917976
			*MESH_VERTEX  248	14.566628	14.391251	89.845917
			*MESH_VERTEX  249	-0.591383	17.376204	86.134140
			*MESH_VERTEX  250	6.372176	5.591798	150.425659
			*MESH_VERTEX  251	-5.304235	4.999928	150.633621
			*MESH_VERTEX  252	-5.885354	7.653893	155.144775
			*MESH_VERTEX  253	7.256234	7.362955	155.060989
			*MESH_VERTEX  254	7.369843	16.728642	157.021606
			*MESH_VERTEX  255	-6.299110	16.361956	157.113190
			*MESH_VERTEX  256	0.455522	18.479025	156.996918
			*MESH_VERTEX  257	0.748903	16.865730	168.088257
			*MESH_VERTEX  258	-2.681526	15.900740	167.602173
			*MESH_VERTEX  259	-4.311361	7.750802	163.688400
			*MESH_VERTEX  260	0.183500	4.648862	163.243073
			*MESH_VERTEX  261	-5.738302	10.149794	165.408356
			*MESH_VERTEX  262	4.209616	15.378054	167.685562
			*MESH_VERTEX  263	4.863018	7.256713	164.012451
			*MESH_VERTEX  264	6.506314	10.297266	165.567398
			*MESH_VERTEX  265	24.044880	6.732001	101.638084
			*MESH_VERTEX  266	24.398222	4.495857	128.633011
			*MESH_VERTEX  267	29.217987	22.742308	130.062149
			*MESH_VERTEX  268	16.034420	24.410172	129.306885
			*MESH_VERTEX  269	9.122888	17.790915	128.466537
			*MESH_VERTEX  270	16.776867	5.645506	128.270630
			*MESH_VERTEX  271	10.641513	10.156948	128.180252
			*MESH_VERTEX  272	31.735107	12.432721	129.535248
			*MESH_VERTEX  273	22.290598	26.516479	129.868576
			*MESH_VERTEX  274	24.276180	7.787485	122.151382
			*MESH_VERTEX  275	28.473906	20.492682	121.112503
			*MESH_VERTEX  276	18.503914	22.012505	120.735962
			*MESH_VERTEX  277	14.438420	17.494812	119.913910
			*MESH_VERTEX  278	18.816402	8.668988	121.729515
			*MESH_VERTEX  279	15.218573	11.655223	121.024933
			*MESH_VERTEX  280	30.125870	12.978457	121.220291
			*MESH_VERTEX  281	23.609497	23.271479	120.944992
			*MESH_VERTEX  282	28.636198	20.306196	118.210304
			*MESH_VERTEX  283	18.692944	21.880880	117.447594
			*MESH_VERTEX  284	30.162676	12.916493	119.595451
			*MESH_VERTEX  285	23.813810	23.080479	117.483536
			*MESH_VERTEX  286	24.761734	4.228941	114.041359
			*MESH_VERTEX  287	29.662067	17.716579	108.297989
			*MESH_VERTEX  288	17.907457	19.860180	108.003548
			*MESH_VERTEX  289	12.949994	14.874820	110.216507
			*MESH_VERTEX  290	18.312016	5.416747	113.862915
			*MESH_VERTEX  291	14.022874	8.764686	112.693909
			*MESH_VERTEX  292	31.553699	9.766165	111.437729
			*MESH_VERTEX  293	23.948633	20.898474	107.294258
			*MESH_VERTEX  294	25.430841	-1.984133	99.445198
			*MESH_VERTEX  295	28.569542	9.344555	94.063255
			*MESH_VERTEX  296	19.717112	10.693260	93.796875
			*MESH_VERTEX  297	15.768795	6.408899	95.910561
			*MESH_VERTEX  298	19.260601	-2.041030	99.759483
			*MESH_VERTEX  299	16.571573	1.665431	98.103401
			*MESH_VERTEX  300	29.912636	3.003246	96.959824
			*MESH_VERTEX  301	24.381111	11.682878	93.147316
			*MESH_VERTEX  302	25.464088	-2.515146	94.699966
			*MESH_VERTEX  303	27.821423	6.227693	90.776527
			*MESH_VERTEX  304	20.285852	7.312787	89.963943
			*MESH_VERTEX  305	16.972626	3.342706	91.641037
			*MESH_VERTEX  306	19.977617	-2.590057	94.552162
			*MESH_VERTEX  307	17.946470	0.318537	93.078598
			*MESH_VERTEX  308	28.941265	1.397361	93.068810
			*MESH_VERTEX  309	23.897013	8.182589	89.729668
			*MESH_VERTEX  310	-25.928236	6.993887	101.321548
			*MESH_VERTEX  311	-22.624327	3.360383	129.512360
			*MESH_VERTEX  312	-30.476877	20.567368	130.379272
			*MESH_VERTEX  313	-17.849495	24.412727	128.670563
			*MESH_VERTEX  314	-9.956214	19.045288	127.689911
			*MESH_VERTEX  315	-15.358093	5.785568	128.579910
			*MESH_VERTEX  316	-10.128839	11.270593	127.865387
			*MESH_VERTEX  317	-31.183331	9.958242	130.528809
			*MESH_VERTEX  318	-24.688446	25.231611	129.581818
			*MESH_VERTEX  319	-23.467869	6.044253	122.226440
			*MESH_VERTEX  320	-29.931795	17.985371	121.706795
			*MESH_VERTEX  321	-20.446251	21.228392	120.536430
			*MESH_VERTEX  322	-15.642180	17.355476	119.585052
			*MESH_VERTEX  323	-18.297449	7.853374	121.343124
			*MESH_VERTEX  324	-15.330801	11.430487	120.461067
			*MESH_VERTEX  325	-30.199488	10.307280	122.131134
			*MESH_VERTEX  326	-25.667913	21.570877	121.089783
			*MESH_VERTEX  327	-30.212919	17.778412	119.360825
			*MESH_VERTEX  328	-20.790979	21.042725	117.756119
			*MESH_VERTEX  329	-30.350233	10.189943	120.499001
			*MESH_VERTEX  330	-26.011618	21.355104	118.331528
			*MESH_VERTEX  331	-24.460224	2.962006	113.279762
			*MESH_VERTEX  332	-32.034355	16.044561	110.028877
			*MESH_VERTEX  333	-20.873972	20.078434	108.570328
			*MESH_VERTEX  334	-14.979492	15.743134	109.479675
			*MESH_VERTEX  335	-18.340385	5.189590	112.467926
			*MESH_VERTEX  336	-14.791165	9.298654	111.237228
			*MESH_VERTEX  337	-32.286621	7.589627	112.297920
			*MESH_VERTEX  338	-27.042942	20.199675	108.753891
			*MESH_VERTEX  339	-26.365076	-1.495567	98.146500
			*MESH_VERTEX  340	-31.843323	9.738838	94.821991
			*MESH_VERTEX  341	-23.405769	12.515024	93.632568
			*MESH_VERTEX  342	-18.791590	8.935226	94.544044
			*MESH_VERTEX  343	-20.268505	-0.595650	97.674072
			*MESH_VERTEX  344	-18.406527	3.664299	96.219948
			*MESH_VERTEX  345	-31.829647	2.964693	96.955902
			*MESH_VERTEX  346	-28.209442	12.812476	93.719887
			*MESH_VERTEX  347	-26.985481	-1.460819	93.559326
			*MESH_VERTEX  348	-31.123302	7.108795	90.931145
			*MESH_VERTEX  349	-24.005821	9.471205	89.369972
			*MESH_VERTEX  350	-19.942152	5.955001	90.204147
			*MESH_VERTEX  351	-21.615469	-0.629363	92.770615
			*MESH_VERTEX  352	-20.254295	2.693575	91.402084
			*MESH_VERTEX  353	-31.195194	1.968021	92.783234
			*MESH_VERTEX  354	-27.706949	9.760550	89.652359
			*MESH_VERTEX  355	-28.689121	7.257319	91.879166
			*MESH_VERTEX  356	-25.927292	8.229819	91.735611
			*MESH_VERTEX  357	-23.242178	5.545737	92.638290
			*MESH_VERTEX  358	-29.447849	3.242653	93.427711
			*MESH_VERTEX  359	-27.161674	0.594122	94.353165
			*MESH_VERTEX  360	-23.457081	0.639738	93.952454
			*MESH_VERTEX  361	-24.584854	8.084845	84.951576
			*MESH_VERTEX  362	-19.401403	2.106753	89.560013
			*MESH_VERTEX  363	-30.585930	2.516220	82.250008
			*MESH_VERTEX  364	-25.089138	-5.216492	84.348610
			*MESH_VERTEX  365	-22.343843	-2.791785	86.929108
			*MESH_VERTEX  366	-26.090750	7.065771	87.967468
			*MESH_VERTEX  367	-21.205973	-0.898281	91.216713
			*MESH_VERTEX  368	-29.115862	6.054570	87.268219
			*MESH_VERTEX  369	-19.280785	-1.421062	80.910164
			*MESH_VERTEX  370	-25.213528	5.516849	79.634102
			*MESH_VERTEX  371	-24.081818	-4.985373	82.786949
			*MESH_VERTEX  372	-29.669632	3.011774	80.994133
			*MESH_VERTEX  373	-30.391045	13.071358	109.229385
			*MESH_VERTEX  374	-27.732018	14.634607	108.645210
			*MESH_VERTEX  375	-21.159382	12.395840	109.125267
			*MESH_VERTEX  376	-23.313368	14.985126	108.409149
			*MESH_VERTEX  377	-28.230551	7.085809	110.936890
			*MESH_VERTEX  378	-24.518665	6.244817	111.054070
			*MESH_VERTEX  379	-20.796989	8.149258	110.408249
			*MESH_VERTEX  380	-30.050808	9.797088	110.124916
			*MESH_VERTEX  381	-19.897789	-2.835999	86.525543
