*3DSMAX_ASCIIEXPORT	108
*COMMENT " [Zengine ASC Exporter v1.08] AsciiExport Version  1,08 - Tue Feb 26 11:33:21 2002"
*SCENE {
	*SCENE_FILENAME "Bauer.max"
	*SCENE_FIRSTFRAME 0
	*SCENE_LASTFRAME 100
	*SCENE_FRAMESPEED 25
	*SCENE_TICKSPERFRAME 192
	*SCENE_BACKGROUND_STATIC 0.000000	0.000000	0.000000
	*SCENE_AMBIENT_STATIC 1.000000	1.000000	1.000000
}
*MATERIAL_LIST {
	*MATERIAL_COUNT 2
	*MATERIAL 0 {
		*MATERIAL_NAME "Naked;UARMR"
		*MATERIAL_CLASS "Standard"
		*MATERIAL_AMBIENT 0.047059	0.047059	0.047059
		*MATERIAL_DIFFUSE 0.270588	0.270588	0.270588
		*MATERIAL_SPECULAR 0.900000	0.900000	0.900000
		*MATERIAL_SHINE 0.000000
		*MATERIAL_SHINESTRENGTH 0.000000
		*MATERIAL_TRANSPARENCY 0.000000
		*MATERIAL_WIRESIZE 1.000000
		*MATERIAL_SHADING Blinn
		*MATERIAL_XP_FALLOFF 0.000000
		*MATERIAL_SELFILLUM 0.000000
		*MATERIAL_FALLOFF In
		*MATERIAL_XP_TYPE Filter
		*MAP_DIFFUSE {
			*MAP_NAME "UpperArmR"
			*MAP_CLASS "Bitmap"
			*MAP_SUBNO 1
			*MAP_AMOUNT 1.000000
			*BITMAP "Hum_Head_VLK_V02_C1.tga"
			*MAP_TYPE Screen
			*UVW_U_OFFSET 0.000000
			*UVW_V_OFFSET 0.000000
			*UVW_U_TILING 1.000000
			*UVW_V_TILING 1.000000
			*UVW_ANGLE 0.000000
			*UVW_BLUR 1.000000
			*UVW_BLUR_OFFSET 0.000000
			*UVW_NOUSE_AMT 1.000000
			*UVW_NOISE_SIZE 1.000000
			*UVW_NOISE_LEVEL 1
			*UVW_NOISE_PHASE 0.000000
			*BITMAP_FILTER Pyramidal
		}
	}
	*MATERIAL 1 {
		*MATERIAL_NAME "Naked;NECK"
		*MATERIAL_CLASS "Multi/Sub-Object"
		*MATERIAL_AMBIENT 0.203922	0.164706	0.101961
		*MATERIAL_DIFFUSE 0.623529	0.580392	0.501961
		*MATERIAL_SPECULAR 0.900000	0.900000	0.900000
		*MATERIAL_SHINE 0.010000
		*MATERIAL_SHINESTRENGTH 0.000000
		*MATERIAL_TRANSPARENCY 0.000000
		*MATERIAL_WIRESIZE 1.000000
		*NUMSUBMTLS 2
		*SUBMATERIAL 0 {
			*MATERIAL_NAME "Material #334"
			*MATERIAL_CLASS "Standard"
			*MATERIAL_AMBIENT 0.203922	0.164706	0.101961
			*MATERIAL_DIFFUSE 0.623529	0.580392	0.501961
			*MATERIAL_SPECULAR 0.900000	0.900000	0.900000
			*MATERIAL_SHINE 0.000000
			*MATERIAL_SHINESTRENGTH 0.000000
			*MATERIAL_TRANSPARENCY 0.000000
			*MATERIAL_WIRESIZE 1.000000
			*MATERIAL_SHADING Blinn
			*MATERIAL_XP_FALLOFF 0.000000
			*MATERIAL_SELFILLUM 0.000000
			*MATERIAL_FALLOFF In
			*MATERIAL_XP_TYPE Filter
			*MAP_DIFFUSE {
				*MAP_NAME "Map #4"
				*MAP_CLASS "Bitmap"
				*MAP_SUBNO 1
				*MAP_AMOUNT 1.000000
				*BITMAP "Hum_Body_Naked_V0_C0.tga"
				*MAP_TYPE Screen
				*UVW_U_OFFSET 0.000000
				*UVW_V_OFFSET 0.000000
				*UVW_U_TILING 1.000000
				*UVW_V_TILING 1.000000
				*UVW_ANGLE 0.000000
				*UVW_BLUR 1.000000
				*UVW_BLUR_OFFSET 0.000000
				*UVW_NOUSE_AMT 1.000000
				*UVW_NOISE_SIZE 1.000000
				*UVW_NOISE_LEVEL 1
				*UVW_NOISE_PHASE 0.000000
				*BITMAP_FILTER Pyramidal
			}
		}
		*SUBMATERIAL 1 {
			*MATERIAL_NAME "Naked;NECK"
			*MATERIAL_CLASS "Standard"
			*MATERIAL_AMBIENT 0.000000	0.000000	0.000000
			*MATERIAL_DIFFUSE 0.588000	0.588000	0.588000
			*MATERIAL_SPECULAR 0.900000	0.900000	0.900000
			*MATERIAL_SHINE 0.100000
			*MATERIAL_SHINESTRENGTH 0.000000
			*MATERIAL_TRANSPARENCY 0.000000
			*MATERIAL_WIRESIZE 1.000000
			*MATERIAL_SHADING Blinn
			*MATERIAL_XP_FALLOFF 0.000000
			*MATERIAL_SELFILLUM 0.000000
			*MATERIAL_FALLOFF In
			*MATERIAL_XP_TYPE Filter
			*MAP_DIFFUSE {
				*MAP_NAME "Map #6"
				*MAP_CLASS "Bitmap"
				*MAP_SUBNO 1
				*MAP_AMOUNT 1.000000
				*BITMAP "Bauer.tga"
				*MAP_TYPE Screen
				*UVW_U_OFFSET 0.000000
				*UVW_V_OFFSET 0.000000
				*UVW_U_TILING 1.000000
				*UVW_V_TILING 1.000000
				*UVW_ANGLE 0.000000
				*UVW_BLUR 1.000000
				*UVW_BLUR_OFFSET 0.000000
				*UVW_NOUSE_AMT 1.000000
				*UVW_NOISE_SIZE 1.000000
				*UVW_NOISE_LEVEL 1
				*UVW_NOISE_PHASE 0.000000
				*BITMAP_FILTER Pyramidal
			}
		}
	}
}
*GEOMOBJECT {
	*NODE_NAME "Bip01"
	*NODE_TM {
		*NODE_NAME "Bip01"
		*TM_ROW0 0.024624	-0.993774	0.108663
		*TM_ROW1 0.999693	0.024771	-0.000000
		*TM_ROW2 -0.002692	0.108630	0.994079
		*TM_ROW3 0.143697	6.203871	100.621162
		*TM_POS 0.143697	6.203871	100.621162
		*TM_ROTAXIS 0.054328	0.055691	0.996969
		*TM_ROTANGLE 1.549058
		*TM_SCALE 1.000000	1.000000	1.000000
		*TM_SCALEAXIS 0.000000	-0.950111	0.311912
		*TM_SCALEAXISANG 0.065194
	}
	*WIREFRAME_COLOR 0.650980	0.792157	0.941177
}
*GEOMOBJECT {
	*NODE_NAME "Bip01 Footsteps"
	*NODE_PARENT "Bip01"
	*NODE_TM {
		*NODE_NAME "Bip01 Footsteps"
		*TM_ROW0 1.000000	0.000000	0.000000
		*TM_ROW1 0.000000	1.000000	0.000000
		*TM_ROW2 0.000000	0.000000	1.000000
		*TM_ROW3 0.143697	6.203871	-0.082873
		*TM_POS 0.143697	6.203871	-0.082873
		*TM_ROTAXIS 0.000000	0.000000	0.000000
		*TM_ROTANGLE 0.000000
		*TM_SCALE 1.000000	1.000000	1.000000
		*TM_SCALEAXIS 0.000000	0.000000	0.000000
		*TM_SCALEAXISANG 0.000000
	}
	*WIREFRAME_COLOR 0.650980	0.792157	0.941177
}
*GEOMOBJECT {
	*NODE_NAME "Bip01 Pelvis"
	*NODE_PARENT "Bip01"
	*NODE_TM {
		*NODE_NAME "Bip01 Pelvis"
		*TM_ROW0 -0.022491	0.108118	0.993884
		*TM_ROW1 0.024625	-0.993774	0.108663
		*TM_ROW2 0.999444	0.026919	0.019688
		*TM_ROW3 -0.144165	7.799950	100.445969
		*TM_POS -0.144165	7.799950	100.445969
		*TM_ROTAXIS -0.698797	-0.047531	-0.713740
		*TM_ROTANGLE 3.083070
		*TM_SCALE 1.000000	1.000000	1.000000
		*TM_SCALEAXIS 0.556063	0.716392	-0.421399
		*TM_SCALEAXISANG 0.033849
	}
	*WIREFRAME_COLOR 0.878431	0.776471	0.341176
}
*GEOMOBJECT {
	*NODE_NAME "Bip01 Spine"
	*NODE_PARENT "Bip01 Pelvis"
	*NODE_TM {
		*NODE_NAME "Bip01 Spine"
		*TM_ROW0 0.010437	-0.008259	0.999911
		*TM_ROW1 0.019587	-0.999772	-0.008462
		*TM_ROW2 0.999754	0.019674	-0.010273
		*TM_ROW3 -0.152782	8.149327	102.823303
		*TM_POS -0.152782	8.149327	102.823303
		*TM_ROTAXIS -0.710753	-0.003985	-0.703430
		*TM_ROTANGLE 3.161387
		*TM_SCALE 1.000000	1.000000	1.000000
		*TM_SCALEAXIS -0.000001	0.572696	0.819768
		*TM_SCALEAXISANG 0.020290
	}
	*WIREFRAME_COLOR 0.031373	0.431373	0.525490
}
*GEOMOBJECT {
	*NODE_NAME "Bip01 Spine1"
	*NODE_PARENT "Bip01 Spine"
	*NODE_TM {
		*NODE_NAME "Bip01 Spine1"
		*TM_ROW0 0.011812	-0.003389	0.999925
		*TM_ROW1 0.017517	-0.999840	-0.003596
		*TM_ROW2 0.999777	0.017558	-0.011751
		*TM_ROW3 -0.050393	8.078347	112.649666
		*TM_POS -0.050393	8.078347	112.649666
		*TM_ROTAXIS -0.711252	-0.004966	-0.702920
		*TM_ROTANGLE 3.156464
		*TM_SCALE 1.000000	1.000000	1.000000
		*TM_SCALEAXIS -0.000001	0.748288	0.663374
		*TM_SCALEAXISANG 0.029674
	}
	*WIREFRAME_COLOR 0.031373	0.431373	0.525490
}
*GEOMOBJECT {
	*NODE_NAME "Bip01 Spine2"
	*NODE_PARENT "Bip01 Spine1"
	*NODE_TM {
		*NODE_NAME "Bip01 Spine2"
		*TM_ROW0 0.011539	0.156128	0.987670
		*TM_ROW1 0.010668	-0.987698	0.156008
		*TM_ROW2 0.999876	0.008737	-0.013062
		*TM_ROW3 0.100428	8.058579	125.434776
		*TM_POS 0.100428	8.058579	125.434776
		*TM_ROTAXIS -0.710235	-0.058870	-0.701499
		*TM_ROTANGLE 3.037728
		*TM_SCALE 1.000000	1.000000	1.000000
		*TM_SCALEAXIS -0.239559	0.241417	-0.940388
		*TM_SCALEAXISANG 0.046360
	}
	*WIREFRAME_COLOR 0.031373	0.431373	0.525490
}
*GEOMOBJECT {
	*NODE_NAME "Bip01 Neck"
	*NODE_PARENT "Bip01 Spine2"
	*NODE_TM {
		*NODE_NAME "Bip01 Neck"
		*TM_ROW0 0.014493	-0.191101	0.981464
		*TM_ROW1 0.006078	-0.981532	-0.191204
		*TM_ROW2 0.999876	0.008737	-0.013063
		*TM_ROW3 0.446373	12.745266	155.050125
		*TM_POS 0.446373	12.745266	155.050125
		*TM_ROTAXIS -0.710481	0.065430	-0.700668
		*TM_ROTANGLE 3.282769
		*TM_SCALE 1.000000	1.000000	1.000000
		*TM_SCALEAXIS -0.082586	0.996584	0.000000
		*TM_SCALEAXISANG 0.014131
	}
	*WIREFRAME_COLOR 0.031373	0.431373	0.525490
}
*GEOMOBJECT {
	*NODE_NAME "Bip01 Head"
	*NODE_PARENT "Bip01 Neck"
	*NODE_TM {
		*NODE_NAME "Bip01 Head"
		*TM_ROW0 -0.016420	-0.136856	0.990455
		*TM_ROW1 -0.040593	-0.989680	-0.137422
		*TM_ROW2 0.999041	-0.042462	0.010696
		*TM_ROW3 0.545492	11.438286	161.762573
		*TM_POS 0.545492	11.438286	161.762573
		*TM_ROTAXIS -0.700860	0.063370	-0.710478
		*TM_ROTANGLE 3.209390
		*TM_SCALE 1.000000	1.000000	1.000000
		*TM_SCALEAXIS -0.038668	0.346504	0.937251
		*TM_SCALEAXISANG 0.111166
	}
	*WIREFRAME_COLOR 0.694118	0.109804	0.584314
}
*HELPEROBJECT {
	*NODE_NAME "Dummy05"
	*NODE_PARENT "Bip01 Head"
	*HELPER_CLASS "Dummy"
	*NODE_TM {
		*NODE_NAME "Dummy05"
		*TM_ROW0 -0.016420	-0.136856	0.990455
		*TM_ROW1 -0.040593	-0.989680	-0.137422
		*TM_ROW2 0.999041	-0.042462	0.010696
		*TM_ROW3 0.175613	8.355521	184.073120
		*TM_POS 0.175613	8.355521	184.073120
		*TM_ROTAXIS -0.700860	0.063370	-0.710478
		*TM_ROTANGLE 3.209390
		*TM_SCALE 1.000000	1.000000	1.000000
		*TM_SCALEAXIS -0.038668	0.346504	0.937251
		*TM_SCALEAXISANG 0.111166
	}
	*BOUNDINGBOX_MIN -2.797914	5.063978	180.867249
	*BOUNDINGBOX_MAX 3.149139	11.647065	187.278992
}
*GEOMOBJECT {
	*NODE_NAME "_Head_N"
	*NODE_PARENT "Bip01 Head"
	*NODE_TM {
		*NODE_NAME "_Head_N"
		*TM_ROW0 23.757336	-0.286626	0.693162
		*TM_ROW1 0.251051	24.821243	1.659212
		*TM_ROW2 -0.722392	-1.603437	24.096184
		*TM_ROW3 -0.084546	8.753708	169.943130
		*TM_POS -0.084546	8.753708	169.943130
		*TM_ROTAXIS -0.903606	0.401087	0.150419
		*TM_ROTANGLE 0.073694
		*TM_SCALE 23.769175	24.877905	24.160276
		*TM_SCALEAXIS 0.000000	0.000000	0.000000
		*TM_SCALEAXISANG 0.000002
	}
	*MATERIAL_REF 0
}
*GEOMOBJECT {
	*NODE_NAME "Bip01 L Clavicle"
	*NODE_PARENT "Bip01 Neck"
	*NODE_TM {
		*NODE_NAME "Bip01 L Clavicle"
		*TM_ROW0 0.964434	0.054801	-0.258580
		*TM_ROW1 -0.097437	0.983087	-0.155068
		*TM_ROW2 0.245709	0.174748	0.953462
		*TM_ROW3 8.321103	14.412912	149.258469
		*TM_POS 8.321103	14.412912	149.258469
		*TM_ROTAXIS 0.530678	-0.811406	-0.244951
		*TM_ROTANGLE 0.315982
		*TM_SCALE 1.000000	1.000000	1.000000
		*TM_SCALEAXIS 0.000001	0.723539	0.690284
		*TM_SCALEAXISANG 0.085388
	}
	*WIREFRAME_COLOR 0.109804	0.109804	0.694118
}
*GEOMOBJECT {
	*NODE_NAME "Bip01 L UpperArm"
	*NODE_PARENT "Bip01 L Clavicle"
	*NODE_TM {
		*NODE_NAME "Bip01 L UpperArm"
		*TM_ROW0 0.111290	-0.034231	-0.993198
		*TM_ROW1 0.334842	0.942261	0.005044
		*TM_ROW2 0.935679	-0.333126	0.116326
		*TM_ROW3 21.173159	15.143185	145.812622
		*TM_POS 21.173159	15.143185	145.812622
		*TM_ROTAXIS -0.169698	-0.967937	0.185206
		*TM_ROTANGLE 1.485755
		*TM_SCALE 1.000000	1.000000	1.000000
		*TM_SCALEAXIS 0.733991	-0.679159	0.000000
		*TM_SCALEAXISANG 0.331690
	}
	*WIREFRAME_COLOR 0.109804	0.109804	0.694118
}
*GEOMOBJECT {
	*NODE_NAME "Bip01 L Forearm"
	*NODE_PARENT "Bip01 L UpperArm"
	*NODE_TM {
		*NODE_NAME "Bip01 L Forearm"
		*TM_ROW0 -0.036279	-0.418752	-0.907376
		*TM_ROW1 0.350982	0.844792	-0.403903
		*TM_ROW2 0.935679	-0.333126	0.116326
		*TM_ROW3 24.278843	14.187930	118.096214
		*TM_POS 24.278843	14.187930	118.096214
		*TM_ROTAXIS 0.035414	-0.922179	0.385139
		*TM_ROTANGLE 1.608386
		*TM_SCALE 1.000000	1.000000	1.000000
		*TM_SCALEAXIS -0.000000	-0.024691	-0.999695
		*TM_SCALEAXISANG 0.177314
	}
	*WIREFRAME_COLOR 0.109804	0.109804	0.694118
}
*GEOMOBJECT {
	*NODE_NAME "Bip01 L Hand"
	*NODE_PARENT "Bip01 L Forearm"
	*NODE_TM {
		*NODE_NAME "Bip01 L Hand"
		*TM_ROW0 -0.114926	-0.479701	-0.869873
		*TM_ROW1 -0.936279	0.344905	-0.066502
		*TM_ROW2 0.331925	0.806800	-0.488773
		*TM_ROW3 23.269693	2.539794	92.856369
		*TM_POS 23.269693	2.539794	92.856369
		*TM_ROTAXIS 0.561910	-0.773274	-0.293776
		*TM_ROTANGLE 2.251573
		*TM_SCALE 1.000000	1.000000	1.000000
		*TM_SCALEAXIS 0.000000	0.000000	0.000000
		*TM_SCALEAXISANG 0.000000
	}
	*WIREFRAME_COLOR 0.109804	0.109804	0.694118
}
*GEOMOBJECT {
	*NODE_NAME "Bip01 L Finger0"
	*NODE_PARENT "Bip01 L Hand"
	*NODE_TM {
		*NODE_NAME "Bip01 L Finger0"
		*TM_ROW0 -0.114926	-0.479701	-0.869873
		*TM_ROW1 -0.936543	0.344263	-0.066113
		*TM_ROW2 0.331179	0.807075	-0.488826
		*TM_ROW3 21.790609	-3.633893	81.661232
		*TM_POS 21.790609	-3.633893	81.661232
		*TM_ROTAXIS 0.562040	-0.773074	-0.294053
		*TM_ROTANGLE 2.252021
		*TM_SCALE 1.000000	1.000000	1.000000
		*TM_SCALEAXIS 0.000000	0.000000	0.000000
		*TM_SCALEAXISANG 0.000000
	}
	*WIREFRAME_COLOR 0.525490	0.023529	0.023529
}
*HELPEROBJECT {
	*NODE_NAME "Dummy02"
	*NODE_PARENT "Bip01 L Finger0"
	*HELPER_CLASS "Dummy"
	*NODE_TM {
		*NODE_NAME "Dummy02"
		*TM_ROW0 -0.114926	-0.479701	-0.869873
		*TM_ROW1 -0.936543	0.344263	-0.066113
		*TM_ROW2 0.331179	0.807075	-0.488826
		*TM_ROW3 21.531733	-4.714446	79.701797
		*TM_POS 21.531733	-4.714446	79.701797
		*TM_ROTAXIS 0.562040	-0.773074	-0.294053
		*TM_ROTANGLE 2.252021
		*TM_SCALE 1.000000	1.000000	1.000000
		*TM_SCALEAXIS 0.000000	0.000000	0.000000
		*TM_SCALEAXISANG 0.000000
	}
	*BOUNDINGBOX_MIN 20.774683	-5.542900	79.062721
	*BOUNDINGBOX_MAX 22.288782	-3.885991	80.340874
}
*GEOMOBJECT {
	*NODE_NAME "Bip01 R Clavicle"
	*NODE_PARENT "Bip01 Neck"
	*NODE_TM {
		*NODE_NAME "Bip01 R Clavicle"
		*TM_ROW0 -0.962764	0.061304	-0.263300
		*TM_ROW1 0.105528	0.981904	-0.157250
		*TM_ROW2 0.248896	-0.179180	-0.951812
		*TM_ROW3 -7.604901	14.273713	149.466522
		*TM_POS -7.604901	14.273713	149.466522
		*TM_ROTAXIS -0.042619	-0.995388	0.085944
		*TM_ROTANGLE 2.881382
		*TM_SCALE 1.000000	1.000000	1.000000
		*TM_SCALEAXIS 0.000000	-0.911285	0.411776
		*TM_SCALEAXISANG 0.197383
	}
	*WIREFRAME_COLOR 0.023529	0.525490	0.023529
}
*GEOMOBJECT {
	*NODE_NAME "Bip01 R UpperArm"
	*NODE_PARENT "Bip01 R Clavicle"
	*NODE_TM {
		*NODE_NAME "Bip01 R UpperArm"
		*TM_ROW0 -0.160603	-0.093218	-0.982607
		*TM_ROW1 -0.499574	0.866271	-0.000528
		*TM_ROW2 0.851253	0.490801	-0.185695
		*TM_ROW3 -20.434700	15.090648	145.957794
		*TM_POS -20.434700	15.090648	145.957794
		*TM_ROTAXIS 0.253061	-0.944540	-0.209296
		*TM_ROTANGLE 1.813176
		*TM_SCALE 1.000000	1.000000	1.000000
		*TM_SCALEAXIS -0.959951	0.280168	0.000000
		*TM_SCALEAXISANG 0.371561
	}
	*WIREFRAME_COLOR 0.023529	0.525490	0.023529
}
*GEOMOBJECT {
	*NODE_NAME "Bip01 R Forearm"
	*NODE_PARENT "Bip01 R UpperArm"
	*NODE_TM {
		*NODE_NAME "Bip01 R Forearm"
		*TM_ROW0 -0.032168	-0.304398	-0.952002
		*TM_ROW1 -0.523768	0.816368	-0.243332
		*TM_ROW2 0.851253	0.490801	-0.185695
		*TM_ROW3 -24.916515	12.489296	118.536934
		*TM_POS -24.916515	12.489296	118.536934
		*TM_ROTAXIS 0.374694	-0.920363	-0.111964
		*TM_ROTANGLE 1.772917
		*TM_SCALE 1.000000	1.000000	1.000000
		*TM_SCALEAXIS -0.997246	-0.074168	-0.000000
		*TM_SCALEAXISANG 0.365376
	}
	*WIREFRAME_COLOR 0.023529	0.525490	0.023529
}
*GEOMOBJECT {
	*NODE_NAME "Bip01 R Hand"
	*NODE_PARENT "Bip01 R Forearm"
	*NODE_TM {
		*NODE_NAME "Bip01 R Hand"
		*TM_ROW0 0.081071	-0.391256	-0.916704
		*TM_ROW1 0.854658	0.500506	-0.138035
		*TM_ROW2 0.512823	-0.772278	0.374966
		*TM_ROW3 -25.811296	4.022059	92.055763
		*TM_POS -25.811296	4.022059	92.055763
		*TM_ROTAXIS -0.317196	-0.714932	0.623104
		*TM_ROTANGLE 1.592526
		*TM_SCALE 1.000000	1.000000	1.000000
		*TM_SCALEAXIS -0.951334	0.000000	0.308163
		*TM_SCALEAXISANG 0.354138
	}
	*WIREFRAME_COLOR 0.023529	0.525490	0.023529
}
*GEOMOBJECT {
	*NODE_NAME "Bip01 R Finger0"
	*NODE_PARENT "Bip01 R Hand"
	*NODE_TM {
		*NODE_NAME "Bip01 R Finger0"
		*TM_ROW0 0.081071	-0.391256	-0.916704
		*TM_ROW1 0.855066	0.499891	-0.137737
		*TM_ROW2 0.512142	-0.772676	0.375076
		*TM_ROW3 -24.767920	-1.013343	80.257912
		*TM_POS -24.767920	-1.013343	80.257912
		*TM_ROTAXIS -0.317546	-0.714596	0.623311
		*TM_ROTANGLE 1.592779
		*TM_SCALE 1.000000	1.000000	1.000000
		*TM_SCALEAXIS -0.934906	-0.000000	0.354895
		*TM_SCALEAXISANG 0.285791
	}
	*WIREFRAME_COLOR 0.878431	0.776471	0.341176
}
*HELPEROBJECT {
	*NODE_NAME "Dummy01"
	*NODE_PARENT "Bip01 R Finger0"
	*HELPER_CLASS "Dummy"
	*NODE_TM {
		*NODE_NAME "Dummy01"
		*TM_ROW0 0.081071	-0.391256	-0.916704
		*TM_ROW1 0.855066	0.499891	-0.137737
		*TM_ROW2 -0.512142	0.772676	-0.375076
		*TM_ROW3 -24.585302	-1.894668	78.192986
		*TM_POS -24.585302	-1.894668	78.192986
		*TM_ROTAXIS -0.570588	0.253553	-0.781114
		*TM_ROTANGLE 2.217981
		*TM_SCALE 1.000000	1.000000	1.000000
		*TM_SCALEAXIS 0.934906	0.000000	0.354895
		*TM_SCALEAXISANG 0.285791
	}
	*BOUNDINGBOX_MIN -25.385666	-2.758186	77.560043
	*BOUNDINGBOX_MAX -23.784939	-1.031149	78.825928
}
*GEOMOBJECT {
	*NODE_NAME "Bip01 L Thigh"
	*NODE_PARENT "Bip01 Spine"
	*NODE_TM {
		*NODE_NAME "Bip01 L Thigh"
		*TM_ROW0 0.112168	-0.023376	-0.993414
		*TM_ROW1 0.054334	-0.998083	0.029620
		*TM_ROW2 -0.992203	-0.057299	-0.110683
		*TM_ROW3 8.861041	8.042473	100.623352
		*TM_POS 8.861041	8.042473	100.623352
		*TM_ROTAXIS -0.745457	-0.010391	0.666473
		*TM_ROTANGLE 3.083260
		*TM_SCALE 1.000000	1.000000	1.000000
		*TM_SCALEAXIS 0.000003	0.996867	0.079090
		*TM_SCALEAXISANG 0.031279
	}
	*WIREFRAME_COLOR 0.109804	0.109804	0.694118
}
*GEOMOBJECT {
	*NODE_NAME "Bip01 L Calf"
	*NODE_PARENT "Bip01 L Thigh"
	*NODE_TM {
		*NODE_NAME "Bip01 L Calf"
		*TM_ROW0 0.096717	0.206156	-0.973728
		*TM_ROW1 0.078612	-0.976840	-0.199007
		*TM_ROW2 -0.992203	-0.057299	-0.110683
		*TM_ROW3 13.274285	7.122766	61.537636
		*TM_POS 13.274285	7.122766	61.537636
		*TM_ROTAXIS -0.739809	-0.096452	0.665867
		*TM_ROTANGLE 3.237513
		*TM_SCALE 1.000000	1.000000	1.000000
		*TM_SCALEAXIS -0.532625	0.846351	0.000000
		*TM_SCALEAXISANG 0.099343
	}
	*WIREFRAME_COLOR 0.109804	0.109804	0.694118
}
*GEOMOBJECT {
	*NODE_NAME "Bip01 L Foot"
	*NODE_PARENT "Bip01 L Calf"
	*NODE_TM {
		*NODE_NAME "Bip01 L Foot"
		*TM_ROW0 -0.001620	0.046783	-0.998904
		*TM_ROW1 0.139798	-0.989085	-0.046550
		*TM_ROW2 -0.990179	-0.139720	-0.004938
		*TM_ROW3 18.022860	17.244556	13.729885
		*TM_POS 18.022860	17.244556	13.729885
		*TM_ROTAXIS -0.706147	-0.066128	0.704970
		*TM_ROTANGLE 3.075574
		*TM_SCALE 1.000000	1.000000	1.000000
		*TM_SCALEAXIS -0.789237	0.000000	-0.614089
		*TM_SCALEAXISANG 0.097170
	}
	*WIREFRAME_COLOR 0.109804	0.109804	0.694118
}
*GEOMOBJECT {
	*NODE_NAME "Bip01 L Toe0"
	*NODE_PARENT "Bip01 L Foot"
	*NODE_TM {
		*NODE_NAME "Bip01 L Toe0"
		*TM_ROW0 0.139798	-0.989085	-0.046550
		*TM_ROW1 0.001620	-0.046783	0.998904
		*TM_ROW2 -0.990179	-0.139720	-0.004938
		*TM_ROW3 21.167959	-4.561396	0.062925
		*TM_POS 21.167959	-4.561396	0.062925
		*TM_ROTAXIS -0.639677	0.530129	0.556576
		*TM_ROTANGLE 2.044249
		*TM_SCALE 1.000000	1.000000	1.000000
		*TM_SCALEAXIS -0.000001	0.789237	-0.614089
		*TM_SCALEAXISANG 0.097170
	}
	*WIREFRAME_COLOR 0.423529	0.031373	0.533333
}
*HELPEROBJECT {
	*NODE_NAME "Dummy04"
	*NODE_PARENT "Bip01 L Toe0"
	*HELPER_CLASS "Dummy"
	*NODE_TM {
		*NODE_NAME "Dummy04"
		*TM_ROW0 0.139798	-0.989085	-0.046550
		*TM_ROW1 0.001620	-0.046783	0.998904
		*TM_ROW2 0.990179	0.139720	0.004938
		*TM_ROW3 21.356901	-5.898178	0.000011
		*TM_POS 21.356901	-5.898178	0.000011
		*TM_ROTAXIS -0.513966	-0.620173	0.592642
		*TM_ROTANGLE 4.131250
		*TM_SCALE 1.000000	1.000000	1.000000
		*TM_SCALEAXIS 0.000001	-0.789237	-0.614089
		*TM_SCALEAXISANG 0.097170
	}
	*BOUNDINGBOX_MIN 20.990299	-6.183990	-0.349656
	*BOUNDINGBOX_MAX 21.723503	-5.612365	0.349678
}
*GEOMOBJECT {
	*NODE_NAME "Bip01 R Thigh"
	*NODE_PARENT "Bip01 Spine"
	*NODE_TM {
		*NODE_NAME "Bip01 R Thigh"
		*TM_ROW0 -0.126005	0.029127	-0.991602
		*TM_ROW1 -0.073200	-0.997117	-0.019988
		*TM_ROW2 -0.989325	0.070067	0.127773
		*TM_ROW3 -9.149371	7.557417	100.268585
		*TM_POS -9.149371	7.557417	100.268585
		*TM_ROTAXIS 0.660562	-0.016699	-0.750586
		*TM_ROTANGLE 3.073375
		*TM_SCALE 1.000000	1.000000	1.000000
		*TM_SCALEAXIS 0.538778	-0.000000	0.842448
		*TM_SCALEAXISANG 0.164413
	}
	*WIREFRAME_COLOR 0.023529	0.525490	0.023529
}
*GEOMOBJECT {
	*NODE_NAME "Bip01 R Calf"
	*NODE_PARENT "Bip01 R Thigh"
	*NODE_TM {
		*NODE_NAME "Bip01 R Calf"
		*TM_ROW0 -0.113947	0.174618	-0.978021
		*TM_ROW1 -0.090838	-0.982140	-0.164770
		*TM_ROW2 -0.989325	0.070067	0.127773
		*TM_ROW3 -14.107002	8.703432	61.254173
		*TM_POS -14.107002	8.703432	61.254173
		*TM_ROTAXIS 0.662253	0.031879	-0.748602
		*TM_ROTANGLE 2.963349
		*TM_SCALE 1.000000	1.000000	1.000000
		*TM_SCALEAXIS 0.508340	-0.402589	-0.761257
		*TM_SCALEAXISANG 0.245815
	}
	*WIREFRAME_COLOR 0.023529	0.525490	0.023529
}
*GEOMOBJECT {
	*NODE_NAME "Bip01 R Foot"
	*NODE_PARENT "Bip01 R Calf"
	*NODE_TM {
		*NODE_NAME "Bip01 R Foot"
		*TM_ROW0 -0.018388	0.028688	-0.999419
		*TM_ROW1 -0.089759	-0.995599	-0.026927
		*TM_ROW2 -0.995794	0.089212	0.020883
		*TM_ROW3 -19.701515	17.276758	13.235628
		*TM_POS -19.701515	17.276758	13.235628
		*TM_ROTAXIS 0.699948	-0.021850	-0.713860
		*TM_ROTANGLE 3.058535
		*TM_SCALE 1.000000	1.000000	1.000000
		*TM_SCALEAXIS 0.166720	-0.331727	-0.928527
		*TM_SCALEAXISANG 0.109146
	}
	*WIREFRAME_COLOR 0.023529	0.525490	0.023529
}
*GEOMOBJECT {
	*NODE_NAME "Bip01 R Toe0"
	*NODE_PARENT "Bip01 R Foot"
	*NODE_TM {
		*NODE_NAME "Bip01 R Toe0"
		*TM_ROW0 -0.089759	-0.995599	-0.026927
		*TM_ROW1 0.018388	-0.028688	0.999419
		*TM_ROW2 -0.995794	0.089212	0.020883
		*TM_ROW3 -21.966187	-4.905179	0.006497
		*TM_POS -21.966187	-4.905179	0.006497
		*TM_ROTAXIS 0.544405	-0.579490	-0.606477
		*TM_ROTANGLE 4.131482
		*TM_SCALE 1.000000	1.000000	1.000000
		*TM_SCALEAXIS -0.331727	-0.166720	-0.928527
		*TM_SCALEAXISANG 0.109146
	}
	*WIREFRAME_COLOR 0.443137	0.525490	0.023529
}
*HELPEROBJECT {
	*NODE_NAME "Dummy03"
	*NODE_PARENT "Bip01 R Toe0"
	*HELPER_CLASS "Dummy"
	*NODE_TM {
		*NODE_NAME "Dummy03"
		*TM_ROW0 -0.089759	-0.995599	-0.026927
		*TM_ROW1 0.018388	-0.028688	0.999419
		*TM_ROW2 -0.995794	0.089212	0.020883
		*TM_ROW3 -22.087498	-6.250764	-0.029896
		*TM_POS -22.087498	-6.250764	-0.029896
		*TM_ROTAXIS 0.544405	-0.579490	-0.606477
		*TM_ROTANGLE 4.131482
		*TM_SCALE 1.000000	1.000000	1.000000
		*TM_SCALEAXIS -0.331727	-0.166720	-0.928527
		*TM_SCALEAXISANG 0.109146
	}
	*BOUNDINGBOX_MIN -22.450392	-6.514865	-0.380704
	*BOUNDINGBOX_MAX -21.724604	-5.986664	0.320912
}
*GEOMOBJECT {
	*NODE_NAME "zm_Bauer"
	*NODE_TM {
		*NODE_NAME "zm_Bauer"
		*TM_ROW0 -0.000001	-0.000000	1.000000
		*TM_ROW1 0.000003	-1.000000	-0.000000
		*TM_ROW2 1.000000	0.000003	0.000001
		*TM_ROW3 0.000000	1.456082	83.813286
		*TM_POS 0.000000	1.456082	83.813286
		*TM_ROTAXIS -0.707106	-0.000001	-0.707107
		*TM_ROTANGLE 3.141595
		*TM_SCALE 1.000000	1.000000	1.000000
		*TM_SCALEAXIS 0.000000	0.000000	0.000000
		*TM_SCALEAXISANG 0.000000
	}
	*MATERIAL_REF 1
	*MESH_SOFTSKIN {
		*TIMEVALUE 0
		*MESH_NUMVERTEX 413
		*MESH_NUMFACES 804
		*MESH_VERTEX_LIST {
			*MESH_VERTEX    0	-19.468039	8.562845	110.159279
			*MESH_VERTEX    1	0.168712	-8.612012	109.493866
			*MESH_VERTEX    2	-0.284387	22.052776	110.589333
			*MESH_VERTEX    3	-13.403657	-4.596049	109.981644
			*MESH_VERTEX    4	-13.394034	19.977022	110.574425
			*MESH_VERTEX    5	19.305836	9.099635	109.816345
			*MESH_VERTEX    6	14.203003	-2.957600	109.829849
			*MESH_VERTEX    7	12.253351	19.867458	110.190262
			*MESH_VERTEX    8	-18.604885	8.741661	116.003822
			*MESH_VERTEX    9	0.356277	-7.618551	115.659134
			*MESH_VERTEX   10	-0.190790	21.273445	115.853607
			*MESH_VERTEX   11	-12.792627	-4.318599	115.773766
			*MESH_VERTEX   12	-12.910007	19.011448	116.118965
			*MESH_VERTEX   13	18.565062	8.503751	115.258186
			*MESH_VERTEX   14	13.629073	-3.816525	115.374748
			*MESH_VERTEX   15	11.735632	19.516727	115.653336
			*MESH_VERTEX   16	-11.273939	-2.940116	55.309917
			*MESH_VERTEX   17	-18.991676	-3.021556	56.171009
			*MESH_VERTEX   18	-6.853154	19.958626	35.247620
			*MESH_VERTEX   19	-9.819965	14.479013	13.589365
			*MESH_VERTEX   20	-23.969589	16.438457	15.114584
			*MESH_VERTEX   21	-23.449806	19.430290	36.985691
			*MESH_VERTEX   22	-13.482647	25.041580	14.308377
			*MESH_VERTEX   23	-14.342381	24.867626	38.439274
			*MESH_VERTEX   24	-20.263710	7.772202	13.408732
			*MESH_VERTEX   25	-24.482149	12.336815	36.244389
			*MESH_VERTEX   26	-6.657143	12.643814	33.504265
			*MESH_VERTEX   27	-14.709395	7.922127	12.923800
			*MESH_VERTEX   28	-21.514368	7.897947	86.621178
			*MESH_VERTEX   29	-12.052519	18.141380	84.969940
			*MESH_VERTEX   30	-0.684742	4.736647	83.550613
			*MESH_VERTEX   31	-6.990709	-4.577773	85.411133
			*MESH_VERTEX   32	-15.655128	-5.765954	87.333435
			*MESH_VERTEX   33	-3.727631	17.208206	84.635292
			*MESH_VERTEX   34	-22.427551	8.547493	61.512791
			*MESH_VERTEX   35	-18.469032	16.168533	61.768753
			*MESH_VERTEX   36	-9.670024	16.284039	60.711182
			*MESH_VERTEX   37	-4.192641	8.920044	59.993275
			*MESH_VERTEX   38	-10.137982	-5.682818	61.399796
			*MESH_VERTEX   39	-18.042467	-5.785509	62.451557
			*MESH_VERTEX   40	-13.841095	1.838943	32.749359
			*MESH_VERTEX   41	-20.005516	0.915830	33.911560
			*MESH_VERTEX   42	-21.738686	25.132708	14.997262
			*MESH_VERTEX   43	10.796866	-2.850188	55.828423
			*MESH_VERTEX   44	18.637850	-2.480278	57.094547
			*MESH_VERTEX   45	6.349422	20.296150	36.212151
			*MESH_VERTEX   46	8.868202	16.563194	14.041669
			*MESH_VERTEX   47	24.968391	17.046156	15.589375
			*MESH_VERTEX   48	23.005018	21.099726	37.413349
			*MESH_VERTEX   49	11.114343	25.232222	15.328751
			*MESH_VERTEX   50	15.608818	25.396862	39.221508
			*MESH_VERTEX   51	21.634089	7.896694	13.831939
			*MESH_VERTEX   52	23.963390	13.517121	37.342163
			*MESH_VERTEX   53	6.445879	12.575849	34.089405
			*MESH_VERTEX   54	15.311211	7.766895	13.230268
			*MESH_VERTEX   55	20.692448	7.045767	87.182213
			*MESH_VERTEX   56	11.874378	17.556644	85.526863
			*MESH_VERTEX   57	6.599571	-4.692610	86.162231
			*MESH_VERTEX   58	15.264605	-5.064940	87.977409
			*MESH_VERTEX   59	3.121468	17.447605	84.897942
			*MESH_VERTEX   60	21.773743	9.251982	61.964676
			*MESH_VERTEX   61	17.537090	16.701073	62.166168
			*MESH_VERTEX   62	8.794022	16.343786	61.071106
			*MESH_VERTEX   63	4.700365	8.669230	60.402966
			*MESH_VERTEX   64	10.218266	-5.577404	61.696247
			*MESH_VERTEX   65	17.897902	-5.259338	62.796619
			*MESH_VERTEX   66	13.668678	1.514483	33.129070
			*MESH_VERTEX   67	19.871325	1.125579	34.753628
			*MESH_VERTEX   68	21.252827	25.722918	16.122076
			*MESH_VERTEX   69	-0.071668	9.119015	90.265785
			*MESH_VERTEX   70	-14.560748	-3.267561	99.458931
			*MESH_VERTEX   71	-0.497071	22.151831	92.059517
			*MESH_VERTEX   72	-20.352524	9.492214	99.557884
			*MESH_VERTEX   73	-14.041045	20.405630	103.247566
			*MESH_VERTEX   74	-1.630684	-4.798623	92.477432
			*MESH_VERTEX   75	-4.716298	20.400434	88.013397
			*MESH_VERTEX   76	13.993236	-3.363647	100.728806
			*MESH_VERTEX   77	19.460018	8.735239	100.245102
			*MESH_VERTEX   78	13.026244	20.295813	102.924271
			*MESH_VERTEX   79	1.768893	-4.818905	92.659210
			*MESH_VERTEX   80	3.948658	20.015755	87.966713
			*MESH_VERTEX   81	-0.504253	22.908709	103.405243
			*MESH_VERTEX   82	-12.992149	17.820799	90.664917
			*MESH_VERTEX   83	12.790845	17.879742	91.014496
			*MESH_VERTEX   84	17.423941	13.011845	92.132889
			*MESH_VERTEX   85	-17.840141	12.669277	91.433037
			*MESH_VERTEX   86	14.057066	19.717539	97.045540
			*MESH_VERTEX   87	7.225945	21.136713	96.772324
			*MESH_VERTEX   88	-14.991783	18.660179	96.636826
			*MESH_VERTEX   89	-8.114263	21.966562	96.897598
			*MESH_VERTEX   90	-0.514661	22.863632	97.783676
			*MESH_VERTEX   91	-4.537098	-2.923110	94.329880
			*MESH_VERTEX   92	4.375412	-3.330482	94.694077
			*MESH_VERTEX   93	21.900242	6.493093	145.275284
			*MESH_VERTEX   94	17.621040	22.228539	151.117737
			*MESH_VERTEX   95	19.464027	24.238966	142.414536
			*MESH_VERTEX   96	22.131229	12.129471	154.368042
			*MESH_VERTEX   97	17.901768	3.859171	140.219910
			*MESH_VERTEX   98	20.077499	16.643547	138.171417
			*MESH_VERTEX   99	19.013308	10.406724	137.857498
			*MESH_VERTEX  100	-20.558361	6.305982	145.222504
			*MESH_VERTEX  101	-15.892808	22.845852	149.855316
			*MESH_VERTEX  102	-19.427958	24.482565	142.718124
			*MESH_VERTEX  103	-21.244154	11.752245	154.678894
			*MESH_VERTEX  104	-17.120008	3.711899	140.336792
			*MESH_VERTEX  105	-19.675047	16.575853	138.566086
			*MESH_VERTEX  106	-18.388517	10.361523	138.169922
			*MESH_VERTEX  107	18.777342	6.837777	148.989792
			*MESH_VERTEX  108	-11.981106	-1.301773	139.593445
			*MESH_VERTEX  109	-5.492369	10.956246	156.618027
			*MESH_VERTEX  110	-6.697394	16.571959	157.029129
			*MESH_VERTEX  111	0.377345	26.188831	139.399017
			*MESH_VERTEX  112	-14.313201	23.379906	140.659851
			*MESH_VERTEX  113	0.519214	3.861210	151.022964
			*MESH_VERTEX  114	0.724251	16.161673	168.699539
			*MESH_VERTEX  115	-2.907790	15.214439	168.057404
			*MESH_VERTEX  116	-4.598613	7.217520	163.009735
			*MESH_VERTEX  117	0.426387	-4.556743	139.031174
			*MESH_VERTEX  118	-15.674439	5.889815	151.653336
			*MESH_VERTEX  119	0.243648	5.674604	162.255035
			*MESH_VERTEX  120	0.462504	18.816185	156.907669
			*MESH_VERTEX  121	-6.082109	10.517047	165.105972
			*MESH_VERTEX  122	13.106353	-1.726111	139.720551
			*MESH_VERTEX  123	6.707452	11.284111	156.528870
			*MESH_VERTEX  124	7.791661	16.961109	156.923111
			*MESH_VERTEX  125	16.133217	23.715452	141.243149
			*MESH_VERTEX  126	4.397963	14.661286	168.112366
			*MESH_VERTEX  127	5.126215	6.662326	163.322586
			*MESH_VERTEX  128	6.853953	9.633311	165.306686
			*MESH_VERTEX  129	-0.164012	-9.049053	123.972595
			*MESH_VERTEX  130	-15.246356	22.858896	125.416641
			*MESH_VERTEX  131	-20.270130	9.432716	124.033386
			*MESH_VERTEX  132	-14.071592	-6.284955	124.217735
			*MESH_VERTEX  133	-0.287978	27.289444	125.078606
			*MESH_VERTEX  134	14.820700	23.803911	125.114830
			*MESH_VERTEX  135	20.663639	10.819891	123.711380
			*MESH_VERTEX  136	14.175589	-5.449402	123.756256
			*MESH_VERTEX  137	6.663978	18.563631	12.568285
			*MESH_VERTEX  138	26.402235	19.479708	14.251791
			*MESH_VERTEX  139	7.797527	28.891432	12.602191
			*MESH_VERTEX  140	22.957331	3.019472	13.635118
			*MESH_VERTEX  141	14.335157	2.754753	13.087270
			*MESH_VERTEX  142	21.633411	29.734684	13.554107
			*MESH_VERTEX  143	-7.915098	18.080576	12.153501
			*MESH_VERTEX  144	-27.036659	21.293480	13.968766
			*MESH_VERTEX  145	-9.942273	28.208197	11.671045
			*MESH_VERTEX  146	-23.071239	2.341506	13.263602
			*MESH_VERTEX  147	-13.916048	2.531997	12.849262
			*MESH_VERTEX  148	-22.658979	28.404469	12.673943
			*MESH_VERTEX  149	-14.725471	-6.613232	107.617332
			*MESH_VERTEX  150	-22.442242	9.373564	107.743782
			*MESH_VERTEX  151	-15.247111	24.826756	107.896400
			*MESH_VERTEX  152	-0.666399	27.735165	107.502571
			*MESH_VERTEX  153	14.942202	-5.341583	107.367523
			*MESH_VERTEX  154	21.880741	11.518337	107.274422
			*MESH_VERTEX  155	15.873301	26.209887	107.528999
			*MESH_VERTEX  156	0.375467	25.227552	149.912354
			*MESH_VERTEX  157	-8.129189	18.868645	155.465820
			*MESH_VERTEX  158	-10.123774	7.291432	154.109451
			*MESH_VERTEX  159	-10.194672	12.029398	156.645325
			*MESH_VERTEX  160	9.524806	19.206329	155.612167
			*MESH_VERTEX  161	11.730524	12.392447	156.765945
			*MESH_VERTEX  162	11.768872	7.727727	154.181580
			*MESH_VERTEX  163	0.389525	23.659008	153.557846
			*MESH_VERTEX  164	-8.057782	10.135473	158.605301
			*MESH_VERTEX  165	0.499026	20.150162	159.913361
			*MESH_VERTEX  166	8.243744	17.744547	160.234848
			*MESH_VERTEX  167	9.513986	10.475060	158.611115
			*MESH_VERTEX  168	6.885805	4.818425	151.331696
			*MESH_VERTEX  169	-5.092694	4.564075	151.241440
			*MESH_VERTEX  170	-6.889081	17.389334	160.202408
			*MESH_VERTEX  171	18.409187	7.209517	138.429077
			*MESH_VERTEX  172	22.663139	7.001382	142.395157
			*MESH_VERTEX  173	25.959723	21.023882	118.517105
			*MESH_VERTEX  174	24.637329	21.639507	148.658463
			*MESH_VERTEX  175	16.571844	13.387636	137.810669
			*MESH_VERTEX  176	25.681154	7.854638	145.979156
			*MESH_VERTEX  177	29.115967	18.647842	118.595123
			*MESH_VERTEX  178	19.370050	14.744101	118.753876
			*MESH_VERTEX  179	21.269667	20.493870	118.478416
			*MESH_VERTEX  180	27.921751	11.269650	119.211395
			*MESH_VERTEX  181	24.220596	9.581541	119.356819
			*MESH_VERTEX  182	19.924625	10.930836	119.128067
			*MESH_VERTEX  183	27.997822	12.863772	148.217178
			*MESH_VERTEX  184	29.406874	14.354632	118.917519
			*MESH_VERTEX  185	15.244347	19.404793	137.445190
			*MESH_VERTEX  186	23.316719	23.834923	131.540634
			*MESH_VERTEX  187	21.671276	24.538895	139.662018
			*MESH_VERTEX  188	15.881464	15.035108	129.575485
			*MESH_VERTEX  189	17.309410	13.524746	136.070496
			*MESH_VERTEX  190	29.225231	12.970024	142.781448
			*MESH_VERTEX  191	30.303036	13.110458	131.062988
			*MESH_VERTEX  192	28.454494	20.545187	131.475525
			*MESH_VERTEX  193	27.023756	21.481186	142.866058
			*MESH_VERTEX  194	27.634829	8.367125	144.113617
			*MESH_VERTEX  195	27.234522	8.654253	130.722687
			*MESH_VERTEX  196	24.688780	7.146817	140.774490
			*MESH_VERTEX  197	23.210211	7.978472	130.019806
			*MESH_VERTEX  198	19.129759	7.722124	136.720886
			*MESH_VERTEX  199	17.161299	9.899700	129.273636
			*MESH_VERTEX  200	16.624046	20.928741	130.200638
			*MESH_VERTEX  201	16.717398	19.818916	135.867691
			*MESH_VERTEX  202	25.070013	24.452518	119.442993
			*MESH_VERTEX  203	23.728746	25.139942	130.633804
			*MESH_VERTEX  204	16.498146	14.030457	119.105148
			*MESH_VERTEX  205	14.772811	15.107118	128.349731
			*MESH_VERTEX  206	31.086681	19.974888	119.339828
			*MESH_VERTEX  207	29.203522	21.482630	130.255798
			*MESH_VERTEX  208	19.117359	22.132301	118.626183
			*MESH_VERTEX  209	15.912109	21.980297	129.237244
			*MESH_VERTEX  210	31.532564	13.021518	129.872360
			*MESH_VERTEX  211	31.645569	14.009465	119.795914
			*MESH_VERTEX  212	28.359159	8.474989	129.545288
			*MESH_VERTEX  213	29.478745	9.457712	119.831627
			*MESH_VERTEX  214	23.454573	6.869652	128.609894
			*MESH_VERTEX  215	24.213484	7.117921	119.955521
			*MESH_VERTEX  216	16.226925	9.182873	128.003525
			*MESH_VERTEX  217	17.760084	9.488373	119.595802
			*MESH_VERTEX  218	28.980070	17.457872	115.795959
			*MESH_VERTEX  219	26.147276	19.595081	115.288918
			*MESH_VERTEX  220	19.927048	14.312507	116.639778
			*MESH_VERTEX  221	21.834854	19.084146	115.358536
			*MESH_VERTEX  222	27.668064	10.941585	117.763023
			*MESH_VERTEX  223	24.234758	9.305326	118.242836
			*MESH_VERTEX  224	20.329359	10.621166	117.798012
			*MESH_VERTEX  225	29.885015	14.967415	106.485878
			*MESH_VERTEX  226	25.954945	16.465748	106.051994
			*MESH_VERTEX  227	17.989952	12.382040	108.521904
			*MESH_VERTEX  228	20.091698	16.055042	106.764725
			*MESH_VERTEX  229	28.554579	6.987891	110.165909
			*MESH_VERTEX  230	23.885595	5.240304	111.217094
			*MESH_VERTEX  231	18.640846	6.890152	110.882187
			*MESH_VERTEX  232	29.171488	13.929382	116.918587
			*MESH_VERTEX  233	30.240849	10.726570	108.305664
			*MESH_VERTEX  234	25.416676	5.847157	91.018463
			*MESH_VERTEX  235	22.508591	6.367816	91.144981
			*MESH_VERTEX  236	20.440996	3.429233	92.654076
			*MESH_VERTEX  237	26.989632	2.226141	92.832809
			*MESH_VERTEX  238	25.308136	-0.605997	94.321289
			*MESH_VERTEX  239	21.657240	-1.196472	94.415787
			*MESH_VERTEX  240	20.450745	5.427546	84.795624
			*MESH_VERTEX  241	16.936916	-0.883590	90.420341
			*MESH_VERTEX  242	26.906525	0.659622	81.658249
			*MESH_VERTEX  243	23.054625	-7.637511	84.940491
			*MESH_VERTEX  244	20.272284	-5.450227	87.726524
			*MESH_VERTEX  245	22.458359	4.904462	87.613968
			*MESH_VERTEX  246	19.407648	-3.413962	92.012703
			*MESH_VERTEX  247	25.503223	4.328142	86.590164
			*MESH_VERTEX  248	16.095673	-5.250299	81.990303
			*MESH_VERTEX  249	20.830912	2.576458	79.631676
			*MESH_VERTEX  250	21.825289	-7.691188	83.514603
			*MESH_VERTEX  251	25.771166	0.903425	80.510590
			*MESH_VERTEX  252	17.860403	-5.916953	87.665321
			*MESH_VERTEX  253	15.424978	-4.242691	86.222939
			*MESH_VERTEX  254	19.107731	-5.540245	82.680275
			*MESH_VERTEX  255	17.077259	-3.940696	81.827667
			*MESH_VERTEX  256	17.912867	-7.039618	82.709999
			*MESH_VERTEX  257	-17.060501	7.559196	138.442841
			*MESH_VERTEX  258	-21.412233	6.768568	142.260071
			*MESH_VERTEX  259	-27.722338	18.905951	119.103874
			*MESH_VERTEX  260	-24.202061	21.217716	148.943085
			*MESH_VERTEX  261	-15.928820	13.937376	137.698120
			*MESH_VERTEX  262	-24.420692	7.337624	145.979630
			*MESH_VERTEX  263	-30.391876	16.022095	119.474007
			*MESH_VERTEX  264	-20.134844	13.881032	118.785934
			*MESH_VERTEX  265	-23.030704	19.205662	118.679108
			*MESH_VERTEX  266	-27.887886	8.969220	119.892441
			*MESH_VERTEX  267	-23.957731	7.939941	119.646088
			*MESH_VERTEX  268	-19.989128	10.022229	119.118599
			*MESH_VERTEX  269	-27.050951	12.181970	148.441299
			*MESH_VERTEX  270	-29.900196	11.751760	119.801109
			*MESH_VERTEX  271	-15.267555	20.094185	137.243149
			*MESH_VERTEX  272	-24.744255	22.744225	131.408890
			*MESH_VERTEX  273	-22.768215	24.257710	139.510681
			*MESH_VERTEX  274	-16.036833	15.237706	129.394882
			*MESH_VERTEX  275	-16.750027	14.014586	135.966766
			*MESH_VERTEX  276	-28.161137	11.802279	143.313507
			*MESH_VERTEX  277	-29.800301	10.979400	131.922058
			*MESH_VERTEX  278	-29.240999	18.636456	131.842331
			*MESH_VERTEX  279	-27.109926	20.564756	143.074692
			*MESH_VERTEX  280	-26.446121	7.746060	144.171158
			*MESH_VERTEX  281	-26.028521	7.094776	131.600266
			*MESH_VERTEX  282	-23.470966	6.798855	140.682983
			*MESH_VERTEX  283	-21.989157	7.073572	130.666611
			*MESH_VERTEX  284	-17.883476	8.009275	136.759232
			*MESH_VERTEX  285	-16.417017	9.955433	129.425568
			*MESH_VERTEX  286	-17.748672	20.938736	129.780746
			*MESH_VERTEX  287	-16.873959	20.361485	135.683182
			*MESH_VERTEX  288	-27.398455	22.437136	119.785202
			*MESH_VERTEX  289	-25.436825	23.903378	130.471924
			*MESH_VERTEX  290	-17.162495	13.685997	118.900986
			*MESH_VERTEX  291	-15.032930	15.439336	128.090439
			*MESH_VERTEX  292	-32.508110	16.977892	120.284721
			*MESH_VERTEX  293	-30.215954	19.349857	130.640503
			*MESH_VERTEX  294	-21.200146	21.193865	118.610405
			*MESH_VERTEX  295	-17.295662	22.045389	128.722031
			*MESH_VERTEX  296	-31.055164	10.601436	130.830093
			*MESH_VERTEX  297	-31.964136	11.020720	120.838997
			*MESH_VERTEX  298	-27.157980	6.652360	130.512650
			*MESH_VERTEX  299	-29.041765	6.917232	120.652016
			*MESH_VERTEX  300	-22.102772	5.861368	129.325272
			*MESH_VERTEX  301	-23.465528	5.521512	120.247704
			*MESH_VERTEX  302	-15.440626	9.349209	128.120148
			*MESH_VERTEX  303	-17.568171	8.991365	119.439751
			*MESH_VERTEX  304	-30.305237	15.078087	117.064728
			*MESH_VERTEX  305	-27.923790	17.681166	116.429771
			*MESH_VERTEX  306	-20.834799	13.419093	116.633003
			*MESH_VERTEX  307	-23.605661	17.889519	115.998299
			*MESH_VERTEX  308	-27.764788	8.739044	118.268066
			*MESH_VERTEX  309	-24.086039	7.657624	118.204262
			*MESH_VERTEX  310	-20.515045	9.631221	117.464699
			*MESH_VERTEX  311	-32.089550	13.520044	107.953979
			*MESH_VERTEX  312	-28.518974	15.672562	107.240501
			*MESH_VERTEX  313	-19.773888	12.665556	108.113037
			*MESH_VERTEX  314	-22.614796	16.131516	107.149925
			*MESH_VERTEX  315	-29.106623	5.482912	110.309692
			*MESH_VERTEX  316	-24.130655	4.399738	110.519379
			*MESH_VERTEX  317	-19.279936	6.902110	109.762474
			*MESH_VERTEX  318	-29.806528	11.493575	117.876717
			*MESH_VERTEX  319	-31.564842	9.093332	109.205833
			*MESH_VERTEX  320	-28.661352	7.084240	90.858017
			*MESH_VERTEX  321	-25.875034	8.065378	90.707413
			*MESH_VERTEX  322	-23.202507	5.380322	91.624748
			*MESH_VERTEX  323	-29.410894	3.103781	92.432419
			*MESH_VERTEX  324	-27.135563	0.462949	93.390198
			*MESH_VERTEX  325	-23.457230	0.483261	93.015274
			*MESH_VERTEX  326	-24.508621	7.912720	84.008827
			*MESH_VERTEX  327	-19.377319	1.906163	88.635361
			*MESH_VERTEX  328	-30.460508	2.352295	81.185638
			*MESH_VERTEX  329	-24.972075	-5.386199	83.294975
			*MESH_VERTEX  330	-22.252825	-2.956344	85.941856
			*MESH_VERTEX  331	-26.047657	6.869771	86.981911
			*MESH_VERTEX  332	-21.201382	-1.108807	90.254402
			*MESH_VERTEX  333	-29.065483	5.863906	86.249725
			*MESH_VERTEX  334	-18.892788	-1.673068	79.811501
			*MESH_VERTEX  335	-25.058094	5.392851	78.684174
			*MESH_VERTEX  336	-23.933025	-5.139356	81.732643
			*MESH_VERTEX  337	-29.526484	2.860061	79.947052
			*MESH_VERTEX  338	-19.823235	-3.007297	85.578064
			*MESH_VERTEX  339	-17.877918	-0.855395	84.029144
			*MESH_VERTEX  340	-21.712948	-2.510709	80.800240
			*MESH_VERTEX  341	-20.081261	-0.537981	79.875992
			*MESH_VERTEX  342	-20.301939	-3.787363	80.563690
			*MESH_VERTEX  343	13.034325	17.440140	17.960390
			*MESH_VERTEX  344	22.426003	17.429129	18.163788
			*MESH_VERTEX  345	14.321285	21.939939	18.906719
			*MESH_VERTEX  346	21.470589	12.085169	17.226004
			*MESH_VERTEX  347	15.637115	11.044601	16.983610
			*MESH_VERTEX  348	10.251062	16.686695	16.279539
			*MESH_VERTEX  349	24.498161	16.598721	16.529202
			*MESH_VERTEX  350	17.904282	24.597614	19.914503
			*MESH_VERTEX  351	18.526049	7.594659	17.518190
