*3DSMAX_ASCIIEXPORT	108
*COMMENT " [Zengine ASC Exporter v1.08] AsciiExport Version  1,08 - Fri Feb 15 15:58:16 2002"
*SCENE {
	*SCENE_FILENAME "Armor_VLK_L.max"
	*SCENE_FIRSTFRAME 0
	*SCENE_LASTFRAME 100
	*SCENE_FRAMESPEED 25
	*SCENE_TICKSPERFRAME 192
	*SCENE_ENVMAP {
		*MAP_NAME "Map #5"
		*MAP_CLASS "Bitmap"
		*MAP_SUBNO 0
		*MAP_AMOUNT 1.000000
		*BITMAP "256.tga"
		*MAP_TYPE Spherical
		*UVW_U_OFFSET 0.000000
		*UVW_V_OFFSET 0.000000
		*UVW_U_TILING 1.000000
		*UVW_V_TILING 1.000000
		*UVW_ANGLE 0.000000
		*UVW_BLUR 1.000000
		*UVW_BLUR_OFFSET 0.000000
		*UVW_NOUSE_AMT 1.000000
		*UVW_NOISE_SIZE 1.000000
		*UVW_NOISE_LEVEL 1
		*UVW_NOISE_PHASE 0.000000
		*BITMAP_FILTER Pyramidal
	}
	*SCENE_AMBIENT_STATIC 0.717647	0.686275	0.650980
}
*MATERIAL_LIST {
	*MATERIAL_COUNT 1
	*MATERIAL 0 {
		*MATERIAL_NAME "Material #348"
		*MATERIAL_CLASS "Multi/Sub-Object"
		*MATERIAL_AMBIENT 0.176471	0.176471	0.176471
		*MATERIAL_DIFFUSE 0.925490	0.756863	0.662745
		*MATERIAL_SPECULAR 0.900000	0.900000	0.900000
		*MATERIAL_SHINE 0.010000
		*MATERIAL_SHINESTRENGTH 0.000000
		*MATERIAL_TRANSPARENCY 0.000000
		*MATERIAL_WIRESIZE 1.000000
		*NUMSUBMTLS 2
		*SUBMATERIAL 0 {
			*MATERIAL_NAME "Babe_v1_c1"
			*MATERIAL_CLASS "Standard"
			*MATERIAL_AMBIENT 0.176471	0.176471	0.176471
			*MATERIAL_DIFFUSE 0.925490	0.756863	0.662745
			*MATERIAL_SPECULAR 0.900000	0.900000	0.900000
			*MATERIAL_SHINE 0.000000
			*MATERIAL_SHINESTRENGTH 0.000000
			*MATERIAL_TRANSPARENCY 0.000000
			*MATERIAL_WIRESIZE 1.000000
			*MATERIAL_SHADING Blinn
			*MATERIAL_XP_FALLOFF 0.000000
			*MATERIAL_SELFILLUM 0.000000
			*MATERIAL_FALLOFF In
			*MATERIAL_XP_TYPE Filter
			*MAP_DIFFUSE {
				*MAP_NAME "Body"
				*MAP_CLASS "Bitmap"
				*MAP_SUBNO 1
				*MAP_AMOUNT 1.000000
				*BITMAP "Hum_Body_Naked_V0_C0.tga"
				*MAP_TYPE Screen
				*UVW_U_OFFSET 0.000000
				*UVW_V_OFFSET 0.000000
				*UVW_U_TILING 1.000000
				*UVW_V_TILING 1.000000
				*UVW_ANGLE 0.000000
				*UVW_BLUR 1.000000
				*UVW_BLUR_OFFSET 0.000000
				*UVW_NOUSE_AMT 1.000000
				*UVW_NOISE_SIZE 1.000000
				*UVW_NOISE_LEVEL 1
				*UVW_NOISE_PHASE 0.000000
				*BITMAP_FILTER Pyramidal
			}
		}
		*SUBMATERIAL 1 {
			*MATERIAL_NAME "V3_C3"
			*MATERIAL_CLASS "Standard"
			*MATERIAL_AMBIENT 0.588235	0.388235	0.176471
			*MATERIAL_DIFFUSE 0.925490	0.756863	0.662745
			*MATERIAL_SPECULAR 0.900000	0.900000	0.900000
			*MATERIAL_SHINE 0.000000
			*MATERIAL_SHINESTRENGTH 0.000000
			*MATERIAL_TRANSPARENCY 0.000000
			*MATERIAL_WIRESIZE 1.000000
			*MATERIAL_SHADING Blinn
			*MATERIAL_XP_FALLOFF 0.000000
			*MATERIAL_SELFILLUM 0.000000
			*MATERIAL_FALLOFF In
			*MATERIAL_XP_TYPE Filter
			*MAP_DIFFUSE {
				*MAP_NAME "kopf"
				*MAP_CLASS "Bitmap"
				*MAP_SUBNO 1
				*MAP_AMOUNT 1.000000
				*BITMAP "BuergerinKleid1-2.tga"
				*MAP_TYPE Screen
				*UVW_U_OFFSET 0.000000
				*UVW_V_OFFSET 0.000000
				*UVW_U_TILING 1.000000
				*UVW_V_TILING 1.000000
				*UVW_ANGLE 0.000000
				*UVW_BLUR 1.000000
				*UVW_BLUR_OFFSET 0.000000
				*UVW_NOUSE_AMT 1.000000
				*UVW_NOISE_SIZE 1.000000
				*UVW_NOISE_LEVEL 1
				*UVW_NOISE_PHASE 0.000000
				*BITMAP_FILTER Pyramidal
			}
		}
	}
}
*GEOMOBJECT {
	*NODE_NAME "Bip01"
	*NODE_TM {
		*NODE_NAME "Bip01"
		*TM_ROW0 0.024624	-0.993774	0.108663
		*TM_ROW1 0.999693	0.024771	-0.000000
		*TM_ROW2 -0.002692	0.108630	0.994079
		*TM_ROW3 0.114225	6.469903	98.062218
		*TM_POS 0.114225	6.469903	98.062218
		*TM_ROTAXIS 0.054328	0.055691	0.996969
		*TM_ROTANGLE 1.549058
		*TM_SCALE 1.000000	1.000000	1.000000
		*TM_SCALEAXIS 0.000000	-0.950111	0.311912
		*TM_SCALEAXISANG 0.065194
	}
	*WIREFRAME_COLOR 0.650980	0.792157	0.941177
}
*GEOMOBJECT {
	*NODE_NAME "Bip01 Footsteps"
	*NODE_PARENT "Bip01"
	*NODE_TM {
		*NODE_NAME "Bip01 Footsteps"
		*TM_ROW0 1.000000	0.000000	0.000000
		*TM_ROW1 0.000000	1.000000	0.000000
		*TM_ROW2 0.000000	0.000000	1.000000
		*TM_ROW3 0.114225	6.469903	-0.080462
		*TM_POS 0.114225	6.469903	-0.080462
		*TM_ROTAXIS 0.000000	0.000000	0.000000
		*TM_ROTANGLE 0.000000
		*TM_SCALE 1.000000	1.000000	1.000000
		*TM_SCALEAXIS 0.000000	0.000000	0.000000
		*TM_SCALEAXISANG 0.000000
	}
	*WIREFRAME_COLOR 0.650980	0.792157	0.941177
}
*GEOMOBJECT {
	*NODE_NAME "Bip01 Pelvis"
	*NODE_PARENT "Bip01"
	*NODE_TM {
		*NODE_NAME "Bip01 Pelvis"
		*TM_ROW0 -0.021914	0.108133	0.993895
		*TM_ROW1 0.024625	-0.993774	0.108663
		*TM_ROW2 0.999457	0.026856	0.019115
		*TM_ROW3 -0.171556	8.070391	97.886551
		*TM_POS -0.171556	8.070391	97.886551
		*TM_ROTAXIS -0.699003	-0.047522	-0.713538
		*TM_ROTANGLE 3.083042
		*TM_SCALE 1.000000	1.000000	1.000000
		*TM_SCALEAXIS 0.704691	-0.000004	-0.709514
		*TM_SCALEAXISANG 0.010222
	}
	*WIREFRAME_COLOR 0.878431	0.776471	0.341176
}
*GEOMOBJECT {
	*NODE_NAME "Bip01 Spine"
	*NODE_PARENT "Bip01 Pelvis"
	*NODE_TM {
		*NODE_NAME "Bip01 Spine"
		*TM_ROW0 0.011301	-0.043139	0.999005
		*TM_ROW1 0.019565	-0.998868	-0.043354
		*TM_ROW2 0.999745	0.020035	-0.010444
		*TM_ROW3 -0.180172	8.419761	100.264160
		*TM_POS -0.180172	8.419761	100.264160
		*TM_ROTAXIS -0.710918	0.008294	-0.703226
		*TM_ROTANGLE 3.186190
		*TM_SCALE 1.000000	1.000000	1.000000
		*TM_SCALEAXIS 0.000001	0.437634	0.899153
		*TM_SCALEAXISANG 0.050716
	}
	*WIREFRAME_COLOR 0.031373	0.431373	0.525490
}
*GEOMOBJECT {
	*NODE_NAME "Bip01 Spine1"
	*NODE_PARENT "Bip01 Spine"
	*NODE_TM {
		*NODE_NAME "Bip01 Spine1"
		*TM_ROW0 0.011280	0.031512	0.999440
		*TM_ROW1 0.018232	-0.999344	0.031303
		*TM_ROW2 0.999770	0.017869	-0.011848
		*TM_ROW3 -0.069298	8.006004	110.081261
		*TM_POS -0.069298	8.006004	110.081261
		*TM_ROTAXIS -0.711076	-0.017490	-0.702897
		*TM_ROTANGLE 3.132146
		*TM_SCALE 1.000000	1.000000	1.000000
		*TM_SCALEAXIS 0.000002	0.978023	-0.208495
		*TM_SCALEAXISANG 0.020136
	}
	*WIREFRAME_COLOR 0.031373	0.431373	0.525490
}
*GEOMOBJECT {
	*NODE_NAME "Bip01 Spine2"
	*NODE_PARENT "Bip01 Spine1"
	*NODE_TM {
		*NODE_NAME "Bip01 Spine2"
		*TM_ROW0 0.013736	0.043333	0.998966
		*TM_ROW1 0.009856	-0.999018	0.043200
		*TM_ROW2 0.999857	0.009253	-0.014150
		*TM_ROW3 0.074742	8.432891	122.862869
		*TM_POS 0.074742	8.432891	122.862869
		*TM_ROTAXIS -0.711897	-0.018681	-0.702035
		*TM_ROTANGLE 3.117748
		*TM_SCALE 1.000000	1.000000	1.000000
		*TM_SCALEAXIS -0.767386	0.641185	0.000003
		*TM_SCALEAXISANG 0.014300
	}
	*WIREFRAME_COLOR 0.031373	0.431373	0.525490
}
*GEOMOBJECT {
	*NODE_NAME "Bip01 Neck"
	*NODE_PARENT "Bip01 Spine2"
	*NODE_TM {
		*NODE_NAME "Bip01 Neck"
		*TM_ROW0 0.016280	-0.300965	0.953496
		*TM_ROW1 0.004564	-0.953591	-0.301072
		*TM_ROW2 0.999857	0.009253	-0.014151
		*TM_ROW3 0.486578	9.737386	152.817535
		*TM_POS 0.486578	9.737386	152.817535
		*TM_ROTAXIS -0.708589	0.105859	-0.697636
		*TM_ROTANGLE 3.362355
		*TM_SCALE 1.000000	1.000000	1.000000
		*TM_SCALEAXIS 0.000000	0.000000	0.000000
		*TM_SCALEAXISANG 0.000000
	}
	*WIREFRAME_COLOR 0.031373	0.431373	0.525490
}
*GEOMOBJECT {
	*NODE_NAME "Bip01 Head"
	*NODE_PARENT "Bip01 Neck"
	*NODE_TM {
		*NODE_NAME "Bip01 Head"
		*TM_ROW0 -0.016420	-0.136856	0.990455
		*TM_ROW1 -0.040593	-0.989680	-0.137422
		*TM_ROW2 0.999041	-0.042462	0.010696
		*TM_ROW3 0.597918	7.679022	159.338715
		*TM_POS 0.597918	7.679022	159.338715
		*TM_ROTAXIS -0.700860	0.063370	-0.710478
		*TM_ROTANGLE 3.209390
		*TM_SCALE 1.000000	1.000000	1.000000
		*TM_SCALEAXIS -0.038668	0.346504	0.937251
		*TM_SCALEAXISANG 0.111166
	}
	*WIREFRAME_COLOR 0.721569	0.894118	0.600000
}
*HELPEROBJECT {
	*NODE_NAME "Dummy05"
	*NODE_PARENT "Bip01 Head"
	*HELPER_CLASS "Dummy"
	*NODE_TM {
		*NODE_NAME "Dummy05"
		*TM_ROW0 -0.016420	-0.136856	0.990455
		*TM_ROW1 -0.040593	-0.989680	-0.137422
		*TM_ROW2 0.999041	-0.042462	0.010696
		*TM_ROW3 0.228039	4.596258	181.649261
		*TM_POS 0.228039	4.596258	181.649261
		*TM_ROTAXIS -0.700860	0.063370	-0.710478
		*TM_ROTANGLE 3.209390
		*TM_SCALE 1.000000	1.000000	1.000000
		*TM_SCALEAXIS -0.038668	0.346504	0.937251
		*TM_SCALEAXISANG 0.111166
	}
	*BOUNDINGBOX_MIN -2.745487	1.304715	178.443390
	*BOUNDINGBOX_MAX 3.201566	7.887802	184.855133
}
*GEOMOBJECT {
	*NODE_NAME "Bip01 L Clavicle"
	*NODE_PARENT "Bip01 Neck"
	*NODE_TM {
		*NODE_NAME "Bip01 L Clavicle"
		*TM_ROW0 0.940900	0.128297	-0.313444
		*TM_ROW1 -0.148582	0.988025	-0.041605
		*TM_ROW2 0.304353	0.085718	0.948695
		*TM_ROW3 8.352505	11.534973	146.983765
		*TM_POS 8.352505	11.534973	146.983765
		*TM_ROTAXIS 0.184828	-0.896823	-0.401930
		*TM_ROTANGLE 0.351638
		*TM_SCALE 1.000000	1.000000	1.000000
		*TM_SCALEAXIS 0.000000	0.975019	-0.222122
		*TM_SCALEAXISANG 0.797170
	}
	*WIREFRAME_COLOR 0.109804	0.109804	0.694118
}
*GEOMOBJECT {
	*NODE_NAME "Bip01 L UpperArm"
	*NODE_PARENT "Bip01 L Clavicle"
	*NODE_TM {
		*NODE_NAME "Bip01 L UpperArm"
		*TM_ROW0 0.111290	-0.034231	-0.993198
		*TM_ROW1 0.334842	0.942261	0.005044
		*TM_ROW2 0.935679	-0.333126	0.116326
		*TM_ROW3 20.890944	13.244653	142.806808
		*TM_POS 20.890944	13.244653	142.806808
		*TM_ROTAXIS -0.169698	-0.967937	0.185206
		*TM_ROTANGLE 1.485755
		*TM_SCALE 1.000000	1.000000	1.000000
		*TM_SCALEAXIS 0.733991	-0.679159	0.000000
		*TM_SCALEAXISANG 0.331690
	}
	*WIREFRAME_COLOR 0.109804	0.109804	0.694118
}
*GEOMOBJECT {
	*NODE_NAME "Bip01 L Forearm"
	*NODE_PARENT "Bip01 L UpperArm"
	*NODE_TM {
		*NODE_NAME "Bip01 L Forearm"
		*TM_ROW0 -0.036279	-0.418752	-0.907376
		*TM_ROW1 0.350982	0.844792	-0.403903
		*TM_ROW2 0.935679	-0.333126	0.116326
		*TM_ROW3 23.996628	12.289398	115.090401
		*TM_POS 23.996628	12.289398	115.090401
		*TM_ROTAXIS 0.035414	-0.922179	0.385139
		*TM_ROTANGLE 1.608386
		*TM_SCALE 1.000000	1.000000	1.000000
		*TM_SCALEAXIS -0.000000	-0.024691	-0.999695
		*TM_SCALEAXISANG 0.177314
	}
	*WIREFRAME_COLOR 0.109804	0.109804	0.694118
}
*GEOMOBJECT {
	*NODE_NAME "Bip01 L Hand"
	*NODE_PARENT "Bip01 L Forearm"
	*NODE_TM {
		*NODE_NAME "Bip01 L Hand"
		*TM_ROW0 -0.114926	-0.479701	-0.869873
		*TM_ROW1 -0.936279	0.344905	-0.066502
		*TM_ROW2 0.331925	0.806800	-0.488773
		*TM_ROW3 22.987478	0.641262	89.850555
		*TM_POS 22.987478	0.641262	89.850555
		*TM_ROTAXIS 0.561910	-0.773274	-0.293776
		*TM_ROTANGLE 2.251573
		*TM_SCALE 1.000000	1.000000	1.000000
		*TM_SCALEAXIS 0.000000	0.000000	0.000000
		*TM_SCALEAXISANG 0.000000
	}
	*WIREFRAME_COLOR 0.109804	0.109804	0.694118
}
*GEOMOBJECT {
	*NODE_NAME "Bip01 L Finger0"
	*NODE_PARENT "Bip01 L Hand"
	*NODE_TM {
		*NODE_NAME "Bip01 L Finger0"
		*TM_ROW0 -0.114926	-0.479701	-0.869873
		*TM_ROW1 -0.936543	0.344263	-0.066113
		*TM_ROW2 0.331179	0.807075	-0.488826
		*TM_ROW3 21.508394	-5.532424	78.655418
		*TM_POS 21.508394	-5.532424	78.655418
		*TM_ROTAXIS 0.562040	-0.773074	-0.294053
		*TM_ROTANGLE 2.252021
		*TM_SCALE 1.000000	1.000000	1.000000
		*TM_SCALEAXIS 0.000000	0.000000	0.000000
		*TM_SCALEAXISANG 0.000000
	}
	*WIREFRAME_COLOR 0.525490	0.023529	0.023529
}
*HELPEROBJECT {
	*NODE_NAME "Dummy02"
	*NODE_PARENT "Bip01 L Finger0"
	*HELPER_CLASS "Dummy"
	*NODE_TM {
		*NODE_NAME "Dummy02"
		*TM_ROW0 -0.114926	-0.479701	-0.869873
		*TM_ROW1 -0.936543	0.344263	-0.066113
		*TM_ROW2 0.331179	0.807075	-0.488826
		*TM_ROW3 21.249517	-6.612978	76.695984
		*TM_POS 21.249517	-6.612978	76.695984
		*TM_ROTAXIS 0.562040	-0.773074	-0.294053
		*TM_ROTANGLE 2.252021
		*TM_SCALE 1.000000	1.000000	1.000000
		*TM_SCALEAXIS 0.000000	0.000000	0.000000
		*TM_SCALEAXISANG 0.000000
	}
	*BOUNDINGBOX_MIN 20.492468	-7.441432	76.056908
	*BOUNDINGBOX_MAX 22.006567	-5.784523	77.335060
}
*GEOMOBJECT {
	*NODE_NAME "Bip01 R Clavicle"
	*NODE_PARENT "Bip01 Neck"
	*NODE_TM {
		*NODE_NAME "Bip01 R Clavicle"
		*TM_ROW0 -0.939806	0.136219	-0.313384
		*TM_ROW1 0.158219	0.986344	-0.045747
		*TM_ROW2 0.302872	-0.092577	-0.948524
		*TM_ROW3 -8.737158	11.376765	147.225616
		*TM_POS -8.737158	11.376765	147.225616
		*TM_ROTAXIS -0.075724	-0.996494	0.035574
		*TM_ROTANGLE 2.827228
		*TM_SCALE 1.000000	1.000000	1.000000
		*TM_SCALEAXIS 0.000000	0.000000	0.000000
		*TM_SCALEAXISANG 0.000000
	}
	*WIREFRAME_COLOR 0.023529	0.525490	0.023529
}
*GEOMOBJECT {
	*NODE_NAME "Bip01 R UpperArm"
	*NODE_PARENT "Bip01 R Clavicle"
	*NODE_TM {
		*NODE_NAME "Bip01 R UpperArm"
		*TM_ROW0 -0.160603	-0.093218	-0.982607
		*TM_ROW1 -0.499574	0.866271	-0.000528
		*TM_ROW2 0.851253	0.490801	-0.185695
		*TM_ROW3 -21.261019	13.192024	143.049469
		*TM_POS -21.261019	13.192024	143.049469
		*TM_ROTAXIS 0.253061	-0.944540	-0.209296
		*TM_ROTANGLE 1.813176
		*TM_SCALE 1.000000	1.000000	1.000000
		*TM_SCALEAXIS -0.959951	0.280168	0.000000
		*TM_SCALEAXISANG 0.371561
	}
	*WIREFRAME_COLOR 0.023529	0.525490	0.023529
}
*GEOMOBJECT {
	*NODE_NAME "Bip01 R Forearm"
	*NODE_PARENT "Bip01 R UpperArm"
	*NODE_TM {
		*NODE_NAME "Bip01 R Forearm"
		*TM_ROW0 -0.032168	-0.304398	-0.952002
		*TM_ROW1 -0.523768	0.816368	-0.243332
		*TM_ROW2 0.851253	0.490801	-0.185695
		*TM_ROW3 -25.742834	10.590672	115.628609
		*TM_POS -25.742834	10.590672	115.628609
		*TM_ROTAXIS 0.374694	-0.920363	-0.111964
		*TM_ROTANGLE 1.772917
		*TM_SCALE 1.000000	1.000000	1.000000
		*TM_SCALEAXIS -0.997246	-0.074168	-0.000000
		*TM_SCALEAXISANG 0.365376
	}
	*WIREFRAME_COLOR 0.023529	0.525490	0.023529
}
*GEOMOBJECT {
	*NODE_NAME "Bip01 R Hand"
	*NODE_PARENT "Bip01 R Forearm"
	*NODE_TM {
		*NODE_NAME "Bip01 R Hand"
		*TM_ROW0 0.081071	-0.391256	-0.916704
		*TM_ROW1 0.854658	0.500506	-0.138035
		*TM_ROW2 0.512823	-0.772278	0.374966
		*TM_ROW3 -26.637615	2.123436	89.147438
		*TM_POS -26.637615	2.123436	89.147438
		*TM_ROTAXIS -0.317196	-0.714932	0.623104
		*TM_ROTANGLE 1.592526
		*TM_SCALE 1.000000	1.000000	1.000000
		*TM_SCALEAXIS -0.951334	0.000000	0.308163
		*TM_SCALEAXISANG 0.354138
	}
	*WIREFRAME_COLOR 0.023529	0.525490	0.023529
}
*GEOMOBJECT {
	*NODE_NAME "Bip01 R Finger0"
	*NODE_PARENT "Bip01 R Hand"
	*NODE_TM {
		*NODE_NAME "Bip01 R Finger0"
		*TM_ROW0 0.081071	-0.391256	-0.916704
		*TM_ROW1 0.855066	0.499891	-0.137737
		*TM_ROW2 0.512142	-0.772676	0.375076
		*TM_ROW3 -25.594238	-2.911967	77.349586
		*TM_POS -25.594238	-2.911967	77.349586
		*TM_ROTAXIS -0.317546	-0.714596	0.623311
		*TM_ROTANGLE 1.592779
		*TM_SCALE 1.000000	1.000000	1.000000
		*TM_SCALEAXIS -0.934906	-0.000000	0.354895
		*TM_SCALEAXISANG 0.285791
	}
	*WIREFRAME_COLOR 0.878431	0.776471	0.341176
}
*HELPEROBJECT {
	*NODE_NAME "Dummy01"
	*NODE_PARENT "Bip01 R Finger0"
	*HELPER_CLASS "Dummy"
	*NODE_TM {
		*NODE_NAME "Dummy01"
		*TM_ROW0 0.081071	-0.391256	-0.916704
		*TM_ROW1 0.855066	0.499891	-0.137737
		*TM_ROW2 -0.512142	0.772676	-0.375076
		*TM_ROW3 -25.411621	-3.793291	75.284660
		*TM_POS -25.411621	-3.793291	75.284660
		*TM_ROTAXIS -0.570588	0.253553	-0.781114
		*TM_ROTANGLE 2.217981
		*TM_SCALE 1.000000	1.000000	1.000000
		*TM_SCALEAXIS 0.934906	0.000000	0.354895
		*TM_SCALEAXISANG 0.285791
	}
	*BOUNDINGBOX_MIN -26.211985	-4.656810	74.651718
	*BOUNDINGBOX_MAX -24.611258	-2.929773	75.917603
}
*GEOMOBJECT {
	*NODE_NAME "Bip01 L Thigh"
	*NODE_PARENT "Bip01 Pelvis"
	*NODE_TM {
		*NODE_NAME "Bip01 L Thigh"
		*TM_ROW0 0.111968	-0.018908	-0.993532
		*TM_ROW1 0.054830	-0.998178	0.025176
		*TM_ROW2 -0.992198	-0.057294	-0.110727
		*TM_ROW3 8.833765	8.312353	98.058769
		*TM_POS 8.833765	8.312353	98.058769
		*TM_ROTAXIS -0.745415	-0.012057	0.666492
		*TM_ROTANGLE 3.086246
		*TM_SCALE 1.000000	1.000000	1.000000
		*TM_SCALEAXIS -0.687785	-0.000000	0.725915
		*TM_SCALEAXISANG 0.052114
	}
	*WIREFRAME_COLOR 0.109804	0.109804	0.694118
}
*GEOMOBJECT {
	*NODE_NAME "Bip01 L Calf"
	*NODE_PARENT "Bip01 L Thigh"
	*NODE_TM {
		*NODE_NAME "Bip01 L Calf"
		*TM_ROW0 0.095965	0.215978	-0.971671
		*TM_ROW1 0.079586	-0.974716	-0.208794
		*TM_ROW2 -0.992198	-0.057294	-0.110727
		*TM_ROW3 13.415333	7.538647	57.404804
		*TM_POS 13.415333	7.538647	57.404804
		*TM_ROTAXIS -0.739453	-0.100190	0.665711
		*TM_ROTANGLE 3.244213
		*TM_SCALE 1.000000	1.000000	1.000000
		*TM_SCALEAXIS -0.571990	0.820260	0.000000
		*TM_SCALEAXISANG 0.058268
	}
	*WIREFRAME_COLOR 0.109804	0.109804	0.694118
}
*GEOMOBJECT {
	*NODE_NAME "Bip01 L Foot"
	*NODE_PARENT "Bip01 L Calf"
	*NODE_TM {
		*NODE_NAME "Bip01 L Foot"
		*TM_ROW0 -0.001620	0.046783	-0.998904
		*TM_ROW1 0.139798	-0.989085	-0.046550
		*TM_ROW2 -0.990179	-0.139720	-0.004938
		*TM_ROW3 17.728779	17.246469	13.729876
		*TM_POS 17.728779	17.246469	13.729876
		*TM_ROTAXIS -0.706147	-0.066128	0.704970
		*TM_ROTANGLE 3.075574
		*TM_SCALE 1.000000	1.000000	1.000000
		*TM_SCALEAXIS -0.837429	0.486052	-0.249933
		*TM_SCALEAXISANG 0.120660
	}
	*WIREFRAME_COLOR 0.109804	0.109804	0.694118
}
*GEOMOBJECT {
	*NODE_NAME "Bip01 L Toe0"
	*NODE_PARENT "Bip01 L Foot"
	*NODE_TM {
		*NODE_NAME "Bip01 L Toe0"
		*TM_ROW0 0.139798	-0.989085	-0.046550
		*TM_ROW1 0.001620	-0.046783	0.998904
		*TM_ROW2 -0.990179	-0.139720	-0.004938
		*TM_ROW3 20.873878	-4.559483	0.062915
		*TM_POS 20.873878	-4.559483	0.062915
		*TM_ROTAXIS -0.639677	0.530129	0.556576
		*TM_ROTANGLE 2.044249
		*TM_SCALE 1.000000	1.000000	1.000000
		*TM_SCALEAXIS 0.737753	0.000000	-0.675071
		*TM_SCALEAXISANG 0.085791
	}
	*WIREFRAME_COLOR 0.423529	0.031373	0.533333
}
*HELPEROBJECT {
	*NODE_NAME "Dummy04"
	*NODE_PARENT "Bip01 L Toe0"
	*HELPER_CLASS "Dummy"
	*NODE_TM {
		*NODE_NAME "Dummy04"
		*TM_ROW0 0.139798	-0.989085	-0.046550
		*TM_ROW1 0.001620	-0.046783	0.998904
		*TM_ROW2 0.990179	0.139720	0.004938
		*TM_ROW3 21.062820	-5.896265	0.000001
		*TM_POS 21.062820	-5.896265	0.000001
		*TM_ROTAXIS -0.513966	-0.620173	0.592642
		*TM_ROTANGLE 4.131250
		*TM_SCALE 1.000000	1.000000	1.000000
		*TM_SCALEAXIS -0.737753	-0.000000	-0.675071
		*TM_SCALEAXISANG 0.085791
	}
	*BOUNDINGBOX_MIN 20.696218	-6.182077	-0.349665
	*BOUNDINGBOX_MAX 21.429422	-5.610452	0.349668
}
*GEOMOBJECT {
	*NODE_NAME "Bip01 R Thigh"
	*NODE_PARENT "Bip01 Pelvis"
	*NODE_TM {
		*NODE_NAME "Bip01 R Thigh"
		*TM_ROW0 -0.125928	0.030619	-0.991567
		*TM_ROW1 -0.073385	-0.997073	-0.021469
		*TM_ROW2 -0.989321	0.070063	0.127806
		*TM_ROW3 -9.176877	7.828420	97.714333
		*TM_POS -9.176877	7.828420	97.714333
		*TM_ROTAXIS 0.660575	-0.016205	-0.750585
		*TM_ROTANGLE 3.072255
		*TM_SCALE 1.000000	1.000000	1.000000
		*TM_SCALEAXIS 0.000000	0.617037	-0.786934
		*TM_SCALEAXISANG 0.145129
	}
	*WIREFRAME_COLOR 0.023529	0.525490	0.023529
}
*GEOMOBJECT {
	*NODE_NAME "Bip01 R Calf"
	*NODE_PARENT "Bip01 R Thigh"
	*NODE_TM {
		*NODE_NAME "Bip01 R Calf"
		*TM_ROW0 -0.113287	0.182062	-0.976739
		*TM_ROW1 -0.091702	-0.980788	-0.172180
		*TM_ROW2 -0.989321	0.070063	0.127806
		*TM_ROW3 -14.329665	9.081304	57.140785
		*TM_POS -14.329665	9.081304	57.140785
		*TM_ROTAXIS 0.662286	0.034399	-0.748461
		*TM_ROTANGLE 2.957673
		*TM_SCALE 1.000000	1.000000	1.000000
		*TM_SCALEAXIS 0.705052	0.709156	-0.000001
		*TM_SCALEAXISANG 0.076430
	}
	*WIREFRAME_COLOR 0.023529	0.525490	0.023529
}
*GEOMOBJECT {
	*NODE_NAME "Bip01 R Foot"
	*NODE_PARENT "Bip01 R Calf"
	*NODE_TM {
		*NODE_NAME "Bip01 R Foot"
		*TM_ROW0 -0.018388	0.028688	-0.999419
		*TM_ROW1 -0.089759	-0.995599	-0.026927
		*TM_ROW2 -0.995794	0.089212	0.020883
		*TM_ROW3 -19.421724	17.264668	13.238050
		*TM_POS -19.421724	17.264668	13.238050
		*TM_ROTAXIS 0.699948	-0.021850	-0.713860
		*TM_ROTANGLE 3.058535
		*TM_SCALE 1.000000	1.000000	1.000000
		*TM_SCALEAXIS 0.166720	-0.331727	-0.928527
		*TM_SCALEAXISANG 0.109146
	}
	*WIREFRAME_COLOR 0.023529	0.525490	0.023529
}
*GEOMOBJECT {
	*NODE_NAME "Bip01 R Toe0"
	*NODE_PARENT "Bip01 R Foot"
	*NODE_TM {
		*NODE_NAME "Bip01 R Toe0"
		*TM_ROW0 -0.089759	-0.995599	-0.026927
		*TM_ROW1 0.018388	-0.028688	0.999419
		*TM_ROW2 -0.995794	0.089212	0.020883
		*TM_ROW3 -21.686396	-4.917270	0.008919
		*TM_POS -21.686396	-4.917270	0.008919
		*TM_ROTAXIS 0.544405	-0.579490	-0.606477
		*TM_ROTANGLE 4.131482
		*TM_SCALE 1.000000	1.000000	1.000000
		*TM_SCALEAXIS -0.331727	-0.166720	-0.928527
		*TM_SCALEAXISANG 0.109146
	}
	*WIREFRAME_COLOR 0.443137	0.525490	0.023529
}
*HELPEROBJECT {
	*NODE_NAME "Dummy03"
	*NODE_PARENT "Bip01 R Toe0"
	*HELPER_CLASS "Dummy"
	*NODE_TM {
		*NODE_NAME "Dummy03"
		*TM_ROW0 -0.089759	-0.995599	-0.026927
		*TM_ROW1 0.018388	-0.028688	0.999419
		*TM_ROW2 -0.995794	0.089212	0.020883
		*TM_ROW3 -21.807707	-6.262855	-0.027474
		*TM_POS -21.807707	-6.262855	-0.027474
		*TM_ROTAXIS 0.544405	-0.579490	-0.606477
		*TM_ROTANGLE 4.131482
		*TM_SCALE 1.000000	1.000000	1.000000
		*TM_SCALEAXIS -0.331727	-0.166720	-0.928527
		*TM_SCALEAXISANG 0.109146
	}
	*BOUNDINGBOX_MIN -22.170601	-6.526956	-0.378282
	*BOUNDINGBOX_MAX -21.444813	-5.998755	0.323335
}
*GEOMOBJECT {
	*NODE_NAME "zm_Magd"
	*NODE_TM {
		*NODE_NAME "zm_Magd"
		*TM_ROW0 1.000000	0.000000	0.000000
		*TM_ROW1 0.000000	1.000000	0.000000
		*TM_ROW2 0.000000	0.000000	1.000000
		*TM_ROW3 -0.016243	6.150528	146.520844
		*TM_POS -0.016243	6.150528	146.520844
		*TM_ROTAXIS 0.000000	0.000000	0.000000
		*TM_ROTANGLE 0.000000
		*TM_SCALE 1.000000	1.000000	1.000000
		*TM_SCALEAXIS 0.000000	0.000000	0.000000
		*TM_SCALEAXISANG 0.000000
	}
	*MATERIAL_REF 0
	*MESH_SOFTSKIN {
		*TIMEVALUE 0
		*MESH_NUMVERTEX 513
		*MESH_NUMFACES 1010
		*MESH_VERTEX_LIST {
			*MESH_VERTEX    0	12.543807	8.069104	149.549103
			*MESH_VERTEX    1	12.059804	4.013345	145.982727
			*MESH_VERTEX    2	12.657773	12.224037	150.972916
			*MESH_VERTEX    3	12.722211	16.320406	149.741211
			*MESH_VERTEX    4	0.429805	-4.143999	136.200775
			*MESH_VERTEX    5	8.719004	-1.613557	142.158447
			*MESH_VERTEX    6	5.487377	-4.677143	137.603226
			*MESH_VERTEX    7	-11.747313	7.866440	149.970215
			*MESH_VERTEX    8	-7.780822	-1.784751	142.385803
			*MESH_VERTEX    9	-4.615252	-4.812603	137.713531
			*MESH_VERTEX   10	-11.402266	3.729058	146.326523
			*MESH_VERTEX   11	-11.855186	12.023018	151.375778
			*MESH_VERTEX   12	0.259653	17.011164	149.163330
			*MESH_VERTEX   13	-11.941251	16.094519	150.168320
			*MESH_VERTEX   14	9.152678	17.232098	149.137634
			*MESH_VERTEX   15	-8.443226	17.024412	149.460480
			*MESH_VERTEX   16	13.720339	11.851953	156.408646
			*MESH_VERTEX   17	13.875741	5.372165	154.226959
			*MESH_VERTEX   18	14.421490	17.652395	155.603287
			*MESH_VERTEX   19	12.758039	0.313177	149.134674
			*MESH_VERTEX   20	10.699492	-3.453249	144.572266
			*MESH_VERTEX   21	5.569378	-8.361544	138.417908
			*MESH_VERTEX   22	0.481357	-7.659109	136.982773
			*MESH_VERTEX   23	-4.599780	-8.501505	138.530182
			*MESH_VERTEX   24	-9.625761	-3.741191	144.728241
			*MESH_VERTEX   25	-11.850163	-0.317160	149.472916
			*MESH_VERTEX   26	0.257970	21.375511	151.498596
			*MESH_VERTEX   27	9.835444	20.724117	152.361145
			*MESH_VERTEX   28	-13.554386	17.386854	156.012466
			*MESH_VERTEX   29	-9.085485	20.547853	152.614731
			*MESH_VERTEX   30	-12.880350	5.260477	154.698151
			*MESH_VERTEX   31	-12.728224	11.721796	156.815765
			*MESH_VERTEX   32	23.028307	4.325626	88.656723
			*MESH_VERTEX   33	21.019043	1.210020	90.239639
			*MESH_VERTEX   34	21.814724	-1.852758	91.784195
			*MESH_VERTEX   35	25.748320	3.564270	89.016724
			*MESH_VERTEX   36	23.714695	-2.408077	92.041908
			*MESH_VERTEX   37	25.919283	-0.241975	90.927063
			*MESH_VERTEX   38	22.701817	1.150756	82.869247
			*MESH_VERTEX   39	22.535027	-3.757736	85.640694
			*MESH_VERTEX   40	21.736732	-5.151960	87.376221
			*MESH_VERTEX   41	17.809557	-5.575561	84.644348
			*MESH_VERTEX   42	24.729502	-0.458450	81.233887
			*MESH_VERTEX   43	25.282154	-4.705339	83.474449
			*MESH_VERTEX   44	24.671036	-6.660155	84.891907
			*MESH_VERTEX   45	17.956436	-7.128137	84.887329
			*MESH_VERTEX   46	22.815170	3.355229	86.265717
			*MESH_VERTEX   47	20.740353	-0.443910	87.443810
			*MESH_VERTEX   48	18.570911	-2.374782	90.428520
			*MESH_VERTEX   49	19.087708	-5.159980	90.257294
			*MESH_VERTEX   50	25.645718	2.164093	86.536530
			*MESH_VERTEX   51	17.884964	-2.970466	88.072792
			*MESH_VERTEX   52	16.754721	-6.592224	84.558266
			*MESH_VERTEX   53	18.507332	-1.145197	79.594948
			*MESH_VERTEX   54	17.952414	-4.488716	80.896721
			*MESH_VERTEX   55	17.597542	-5.299125	79.768654
			*MESH_VERTEX   56	18.457161	-1.552622	78.365715
			*MESH_VERTEX   57	18.420681	-5.664834	81.818604
			*MESH_VERTEX   58	18.206575	-6.707716	80.804237
			*MESH_VERTEX   59	22.291882	-6.384843	80.039246
			*MESH_VERTEX   60	21.781996	-7.985187	81.639160
			*MESH_VERTEX   61	22.338121	-2.154998	78.119141
			*MESH_VERTEX   62	21.093424	-6.761446	82.750443
			*MESH_VERTEX   63	21.543182	-5.434659	82.035835
			*MESH_VERTEX   64	21.499470	-1.192274	79.557205
			*MESH_VERTEX   65	20.226645	-5.112890	87.456726
			*MESH_VERTEX   66	21.279411	2.914585	93.398674
			*MESH_VERTEX   67	5.602484	10.575057	156.375320
			*MESH_VERTEX   68	5.293841	5.992039	163.520630
			*MESH_VERTEX   69	0.509846	3.554107	149.406265
			*MESH_VERTEX   70	0.457607	2.188285	161.493912
			*MESH_VERTEX   71	-4.540502	10.522397	156.520081
			*MESH_VERTEX   72	-4.276680	6.270268	163.439133
			*MESH_VERTEX   73	0.695946	11.507356	165.900574
			*MESH_VERTEX   74	-27.456839	5.831577	88.195999
			*MESH_VERTEX   75	-24.910686	2.839406	89.213882
			*MESH_VERTEX   76	-24.806873	-0.405067	90.465294
			*MESH_VERTEX   77	-29.980225	4.571963	88.812309
			*MESH_VERTEX   78	-26.572933	-1.317739	90.892982
			*MESH_VERTEX   79	-29.270750	0.567975	90.298584
			*MESH_VERTEX   80	-24.753649	4.240387	92.644135
			*MESH_VERTEX   81	-3.546492	6.894392	152.263733
			*MESH_VERTEX   82	4.554941	6.727428	152.241470
			*MESH_VERTEX   83	-2.262885	3.946263	162.357971
			*MESH_VERTEX   84	3.144076	3.684263	162.342743
			*MESH_VERTEX   85	4.471344	9.256044	165.011139
			*MESH_VERTEX   86	-2.891618	9.845203	165.115845
			*MESH_VERTEX   87	7.372642	10.832208	153.847336
			*MESH_VERTEX   88	-6.859404	10.784335	153.880829
			*MESH_VERTEX   89	-5.051539	14.084155	153.575134
			*MESH_VERTEX   90	6.017579	14.531763	153.244095
			*MESH_VERTEX   91	0.445820	14.244497	155.889374
			*MESH_VERTEX   92	-27.383717	3.234721	82.357796
			*MESH_VERTEX   93	-26.001106	-1.724888	84.627693
			*MESH_VERTEX   94	-24.747107	-3.067603	86.123917
			*MESH_VERTEX   95	-21.518663	-2.745499	83.023102
			*MESH_VERTEX   96	-29.321125	1.099038	80.301933
			*MESH_VERTEX   97	-28.823801	-3.312541	82.211090
			*MESH_VERTEX   98	-27.699892	-5.208339	83.369667
			*MESH_VERTEX   99	-21.357552	-4.310960	83.144577
			*MESH_VERTEX  100	-27.044512	5.245639	85.926849
			*MESH_VERTEX  101	-24.444818	1.494703	86.600708
			*MESH_VERTEX  102	-21.751419	-0.033043	88.991936
			*MESH_VERTEX  103	-21.779417	-2.795644	88.637924
			*MESH_VERTEX  104	-29.773233	3.459543	86.463814
			*MESH_VERTEX  105	-21.268358	-0.287498	86.559631
			*MESH_VERTEX  106	-20.322304	-3.541948	82.725105
			*MESH_VERTEX  107	-23.317865	1.957775	78.408432
			*MESH_VERTEX  108	-22.018757	-1.303220	79.336960
			*MESH_VERTEX  109	-21.677441	-1.955886	78.117668
			*MESH_VERTEX  110	-23.348293	1.745299	77.335312
			*MESH_VERTEX  111	-22.148365	-2.602336	80.200638
			*MESH_VERTEX  112	-21.888615	-3.516236	79.090256
			*MESH_VERTEX  113	-26.031210	-3.904676	78.844193
			*MESH_VERTEX  114	-25.043076	-5.482763	80.225647
			*MESH_VERTEX  115	-27.070541	0.359273	77.322205
			*MESH_VERTEX  116	-24.441238	-4.231483	81.340202
			*MESH_VERTEX  117	-25.206648	-2.967223	80.802940
			*MESH_VERTEX  118	-26.233715	1.361274	78.719185
			*MESH_VERTEX  119	-23.267904	-2.756649	86.032845
			*MESH_VERTEX  120	20.898693	15.080023	11.590958
			*MESH_VERTEX  121	16.189148	15.025688	10.992157
			*MESH_VERTEX  122	-22.020260	15.363243	11.047394
			*MESH_VERTEX  123	-17.599281	15.065960	10.581436
			*MESH_VERTEX  124	16.920027	18.450275	11.421539
			*MESH_VERTEX  125	18.664459	20.996540	13.304413
			*MESH_VERTEX  126	20.190012	18.550602	11.928864
			*MESH_VERTEX  127	-18.419651	18.778477	11.004303
			*MESH_VERTEX  128	-19.587448	21.380810	12.673431
			*MESH_VERTEX  129	-21.563606	17.826090	11.123993
			*MESH_VERTEX  130	-17.552876	14.708639	7.926010
			*MESH_VERTEX  131	-17.098101	9.048716	4.387909
			*MESH_VERTEX  132	-16.666727	3.454810	4.277390
			*MESH_VERTEX  133	-16.602022	3.643922	-0.213791
			*MESH_VERTEX  134	-17.436693	7.926077	-0.086182
			*MESH_VERTEX  135	-17.731918	12.467428	1.008484
			*MESH_VERTEX  136	-23.074451	18.503445	0.237198
			*MESH_VERTEX  137	-17.801954	17.876802	0.854721
			*MESH_VERTEX  138	-17.209829	18.326141	3.333954
			*MESH_VERTEX  139	-20.392063	11.912891	10.048584
			*MESH_VERTEX  140	-21.154770	7.493785	6.787857
			*MESH_VERTEX  141	-22.059282	-1.205284	2.825500
			*MESH_VERTEX  142	-17.868605	-2.545240	-0.133087
			*MESH_VERTEX  143	-20.521238	22.895716	1.881836
			*MESH_VERTEX  144	-20.645821	22.988094	4.423599
			*MESH_VERTEX  145	-25.189335	8.753759	0.099960
			*MESH_VERTEX  146	-25.464794	-0.325187	0.220642
			*MESH_VERTEX  147	-24.802406	13.144723	1.304718
			*MESH_VERTEX  148	-25.441813	4.374158	3.350510
			*MESH_VERTEX  149	-25.839640	4.557566	-0.012497
			*MESH_VERTEX  150	-24.413458	9.861750	3.716171
			*MESH_VERTEX  151	-22.759289	15.087698	8.411682
			*MESH_VERTEX  152	-23.540821	18.944054	3.674622
			*MESH_VERTEX  153	16.141155	14.731316	8.356522
			*MESH_VERTEX  154	15.824195	8.977365	4.958969
			*MESH_VERTEX  155	15.374017	3.343551	5.116882
			*MESH_VERTEX  156	14.897701	3.406436	0.643570
			*MESH_VERTEX  157	15.903507	7.678007	0.574982
			*MESH_VERTEX  158	16.179995	12.384230	1.598419
			*MESH_VERTEX  159	21.608969	18.038700	1.566956
			*MESH_VERTEX  160	16.415466	17.842964	0.572311
			*MESH_VERTEX  161	15.783698	18.207428	3.891418
			*MESH_VERTEX  162	19.068169	11.760883	10.401245
			*MESH_VERTEX  163	19.627846	7.241843	7.290817
			*MESH_VERTEX  164	20.045185	-1.590779	3.526733
			*MESH_VERTEX  165	16.014713	-2.823286	0.772629
			*MESH_VERTEX  166	19.253223	22.698673	2.419357
			*MESH_VERTEX  167	19.321102	22.775511	4.955048
			*MESH_VERTEX  168	23.557140	8.270968	0.522202
			*MESH_VERTEX  169	24.161003	-0.788820	0.689529
			*MESH_VERTEX  170	23.099249	12.711763	1.740555
			*MESH_VERTEX  171	23.923590	3.898366	3.791489
			*MESH_VERTEX  172	24.146427	4.017376	0.416046
			*MESH_VERTEX  173	22.945417	9.480509	4.177902
			*MESH_VERTEX  174	21.478355	14.768356	8.888428
			*MESH_VERTEX  175	22.067558	18.600681	4.183716
			*MESH_VERTEX  176	20.794294	21.068502	1.332428
			*MESH_VERTEX  177	16.636997	20.809515	1.227020
			*MESH_VERTEX  178	-18.065310	20.815323	0.655838
			*MESH_VERTEX  179	-22.306549	21.463945	0.884888
			*MESH_VERTEX  180	-17.454456	-1.973056	2.993240
			*MESH_VERTEX  181	15.960369	-2.425695	3.710403
			*MESH_VERTEX  182	-21.419575	3.816595	4.792557
			*MESH_VERTEX  183	19.651358	3.502735	5.449829
			*MESH_VERTEX  184	24.050335	0.259935	2.247910
			*MESH_VERTEX  185	-25.770819	0.707224	1.731216
			*MESH_VERTEX  186	24.249252	-0.128644	97.226494
			*MESH_VERTEX  187	23.258631	-0.193319	97.302818
			*MESH_VERTEX  188	24.743071	0.428308	96.954399
			*MESH_VERTEX  189	26.420998	2.028279	96.160858
			*MESH_VERTEX  190	23.645735	7.132647	94.025658
			*MESH_VERTEX  191	25.668005	6.483653	94.216347
			*MESH_VERTEX  192	21.885813	0.261158	97.165840
			*MESH_VERTEX  193	26.345970	5.785786	94.493507
			*MESH_VERTEX  194	26.413120	2.878410	95.782715
			*MESH_VERTEX  195	21.317171	0.867445	96.922806
			*MESH_VERTEX  196	21.120554	3.759245	95.644852
			*MESH_VERTEX  197	22.775978	6.972949	94.138283
			*MESH_VERTEX  198	-25.673765	0.384262	96.301788
			*MESH_VERTEX  199	-26.666824	0.298689	96.377533
			*MESH_VERTEX  200	-27.271723	0.800299	96.255341
			*MESH_VERTEX  201	-29.291435	2.225520	95.924110
			*MESH_VERTEX  202	-29.483553	6.978954	94.495888
			*MESH_VERTEX  203	-27.595514	7.964679	94.102234
			*MESH_VERTEX  204	-24.397682	1.070515	96.029076
			*MESH_VERTEX  205	-29.461115	3.108436	95.665062
			*MESH_VERTEX  206	-30.005512	6.157721	94.770348
			*MESH_VERTEX  207	-23.996613	1.757682	95.799950
			*MESH_VERTEX  208	-26.738712	7.914520	94.073662
			*MESH_VERTEX  209	-24.625740	5.234506	94.776550
			*MESH_VERTEX  210	13.149835	12.464810	151.048172
			*MESH_VERTEX  211	13.211512	16.810059	149.803833
			*MESH_VERTEX  212	0.440487	-5.046216	136.184814
			*MESH_VERTEX  213	10.112262	-1.666169	142.331467
			*MESH_VERTEX  214	5.671953	-5.936376	137.285568
			*MESH_VERTEX  215	-9.165792	-1.864698	142.598846
			*MESH_VERTEX  216	-4.780016	-6.081947	137.400696
			*MESH_VERTEX  217	-11.825391	3.312230	146.428986
			*MESH_VERTEX  218	-12.319908	12.249012	151.476959
			*MESH_VERTEX  219	0.244487	18.287067	148.847839
			*MESH_VERTEX  220	-12.419321	16.582142	150.242111
			*MESH_VERTEX  221	9.408831	18.223379	148.580414
			*MESH_VERTEX  222	-8.722068	18.023657	148.739014
			*MESH_VERTEX  223	24.667315	17.026423	116.864784
			*MESH_VERTEX  224	27.181841	10.465136	119.112312
			*MESH_VERTEX  225	19.034824	13.196574	118.533348
			*MESH_VERTEX  226	25.185658	8.024187	120.428719
			*MESH_VERTEX  227	21.803883	7.660140	120.411812
			*MESH_VERTEX  228	19.481735	9.960606	120.188095
			*MESH_VERTEX  229	21.334167	16.271954	116.924263
			*MESH_VERTEX  230	27.170738	14.271389	117.330963
			*MESH_VERTEX  231	25.214115	16.610975	113.952599
			*MESH_VERTEX  232	27.577072	9.729692	115.649818
			*MESH_VERTEX  233	19.479206	12.508573	114.734177
			*MESH_VERTEX  234	25.622274	7.351279	116.163414
			*MESH_VERTEX  235	22.346384	7.536619	116.017075
			*MESH_VERTEX  236	19.754385	9.396341	115.484383
			*MESH_VERTEX  237	21.604507	15.369675	114.126961
			*MESH_VERTEX  238	27.614222	13.286804	114.804718
			*MESH_VERTEX  239	26.055065	6.034064	112.783638
			*MESH_VERTEX  240	28.044296	8.329391	111.976204
			*MESH_VERTEX  241	28.061899	11.798396	110.740974
			*MESH_VERTEX  242	20.021603	8.408657	112.558495
			*MESH_VERTEX  243	19.716311	11.481371	111.486488
			*MESH_VERTEX  244	21.938967	14.210945	110.586784
			*MESH_VERTEX  245	25.405731	14.891672	110.348404
			*MESH_VERTEX  246	23.323380	7.112064	149.982162
			*MESH_VERTEX  247	20.428713	4.650274	144.264343
			*MESH_VERTEX  248	14.647316	8.982861	139.330078
			*MESH_VERTEX  249	24.583364	17.640291	149.350708
			*MESH_VERTEX  250	20.837130	21.842295	144.099030
			*MESH_VERTEX  251	15.444033	19.012531	139.146957
			*MESH_VERTEX  252	22.234390	5.457196	112.083633
			*MESH_VERTEX  253	-27.128159	15.263351	117.802010
			*MESH_VERTEX  254	-28.049221	8.429972	120.106491
			*MESH_VERTEX  255	-20.571896	12.551685	118.976036
			*MESH_VERTEX  256	-25.567930	6.476455	121.514053
			*MESH_VERTEX  257	-22.141800	6.734991	121.247299
			*MESH_VERTEX  258	-20.325666	9.366254	120.769051
			*MESH_VERTEX  259	-23.520250	15.214434	117.540695
			*MESH_VERTEX  260	-28.862965	12.230852	118.430397
			*MESH_VERTEX  261	-27.913441	14.682230	115.217552
			*MESH_VERTEX  262	-28.594919	7.635565	116.651405
			*MESH_VERTEX  263	-21.414343	11.644818	115.186340
			*MESH_VERTEX  264	-26.236216	5.597142	116.825096
			*MESH_VERTEX  265	-22.847525	6.466820	116.327782
			*MESH_VERTEX  266	-21.099829	8.498556	115.764397
			*MESH_VERTEX  267	-24.029743	14.132275	114.958046
			*MESH_VERTEX  268	-29.298641	11.170886	116.032646
			*MESH_VERTEX  269	-26.908331	4.482842	113.136467
			*MESH_VERTEX  270	-29.302570	6.491625	112.872551
			*MESH_VERTEX  271	-29.997135	10.004477	112.056969
			*MESH_VERTEX  272	-21.472502	7.732031	112.533981
			*MESH_VERTEX  273	-21.770573	10.890086	111.784103
			*MESH_VERTEX  274	-24.477112	13.280819	111.431244
			*MESH_VERTEX  275	-27.911278	13.476441	111.655006
			*MESH_VERTEX  276	-22.267199	6.819664	150.658371
			*MESH_VERTEX  277	-19.582945	4.568666	144.788452
			*MESH_VERTEX  278	-13.945721	9.623812	140.045334
			*MESH_VERTEX  279	-23.445330	17.276520	150.517426
			*MESH_VERTEX  280	-20.337084	21.699305	144.958969
			*MESH_VERTEX  281	-15.558922	19.560019	140.162674
			*MESH_VERTEX  282	-23.180096	4.606440	111.869202
			*MESH_VERTEX  283	21.351566	4.301638	95.392654
			*MESH_VERTEX  284	-24.390802	4.702054	94.925980
			*MESH_VERTEX  285	27.680750	-0.369962	92.173759
			*MESH_VERTEX  286	25.415636	-2.543477	93.269234
			*MESH_VERTEX  287	23.593632	6.785732	88.834785
			*MESH_VERTEX  288	26.245852	5.995533	89.161301
			*MESH_VERTEX  289	22.876463	-3.523386	93.794044
			*MESH_VERTEX  290	20.956203	-2.828555	93.500122
			*MESH_VERTEX  291	27.490641	4.784520	89.712997
			*MESH_VERTEX  292	27.645922	0.915231	91.560265
			*MESH_VERTEX  293	19.725567	1.736567	91.291122
			*MESH_VERTEX  294	20.061886	-1.929308	93.083481
			*MESH_VERTEX  295	20.219736	3.055101	90.639145
			*MESH_VERTEX  296	22.248499	6.528197	88.979401
			*MESH_VERTEX  297	24.147890	-3.429995	93.721420
			*MESH_VERTEX  298	24.662300	-3.392621	93.691734
			*MESH_VERTEX  299	26.594206	5.656646	89.315720
			*MESH_VERTEX  300	19.763618	2.505191	90.915031
			*MESH_VERTEX  301	-28.239693	-1.442850	92.769089
			*MESH_VERTEX  302	-30.740896	0.295523	92.294632
			*MESH_VERTEX  303	-30.636309	7.276967	90.042656
			*MESH_VERTEX  304	-28.250647	8.511792	89.553734
			*MESH_VERTEX  305	-23.585121	-1.362967	92.573692
			*MESH_VERTEX  306	-25.180433	-2.207880	92.908287
			*MESH_VERTEX  307	-31.040689	1.958740	91.767555
			*MESH_VERTEX  308	-31.665611	5.712750	90.583336
			*MESH_VERTEX  309	-22.785824	-0.049054	92.114784
			*MESH_VERTEX  310	-23.234026	3.793197	90.868614
			*MESH_VERTEX  311	-26.589024	8.427032	89.514450
			*MESH_VERTEX  312	-24.123117	5.256167	90.422356
			*MESH_VERTEX  313	-25.851982	-2.269001	92.952507
			*MESH_VERTEX  314	-27.094015	-2.382282	93.034134
			*MESH_VERTEX  315	-27.492914	-2.055215	92.941635
			*MESH_VERTEX  316	-30.844490	0.870458	92.112259
			*MESH_VERTEX  317	-23.075138	-0.524539	92.280983
			*MESH_VERTEX  318	-27.662256	8.481833	89.539841
			*MESH_VERTEX  319	-31.308569	6.255299	90.395729
			*MESH_VERTEX  320	-23.287325	4.533420	90.628593
			*MESH_VERTEX  321	-23.665867	4.860935	90.534592
			*MESH_VERTEX  322	17.437527	12.502668	149.956421
			*MESH_VERTEX  323	17.368385	8.036312	148.815887
			*MESH_VERTEX  324	16.997271	16.924540	148.964783
			*MESH_VERTEX  325	16.154137	18.335827	144.615860
			*MESH_VERTEX  326	16.198792	6.074685	144.972672
			*MESH_VERTEX  327	16.675886	7.087405	141.064148
			*MESH_VERTEX  328	16.831263	12.819277	138.693649
			*MESH_VERTEX  329	16.443272	16.688997	139.915573
			*MESH_VERTEX  330	14.971977	6.566606	140.048203
			*MESH_VERTEX  331	16.432072	12.340086	137.249435
			*MESH_VERTEX  332	14.297003	18.426369	145.462921
			*MESH_VERTEX  333	15.358635	16.741699	139.777298
			*MESH_VERTEX  334	0.299110	-3.934885	126.847054
			*MESH_VERTEX  335	0.354131	-5.734521	131.501556
			*MESH_VERTEX  336	3.907863	-4.181856	113.494469
			*MESH_VERTEX  337	11.889333	8.079719	116.654747
			*MESH_VERTEX  338	12.223129	4.482365	115.492783
			*MESH_VERTEX  339	10.296211	-0.637559	113.785110
			*MESH_VERTEX  340	9.137044	1.186225	121.179123
			*MESH_VERTEX  341	12.741702	1.781715	140.534851
			*MESH_VERTEX  342	7.491561	-2.281743	124.623871
			*MESH_VERTEX  343	14.719174	0.364658	129.300232
			*MESH_VERTEX  344	11.229012	-0.264789	126.051903
			*MESH_VERTEX  345	14.425079	-3.859031	131.795441
			*MESH_VERTEX  346	8.608952	-5.398195	125.444870
			*MESH_VERTEX  347	5.608619	-6.953880	127.813034
			*MESH_VERTEX  348	4.192389	-2.980719	120.456696
			*MESH_VERTEX  349	14.797271	5.701831	130.576401
			*MESH_VERTEX  350	10.938022	-6.507314	128.194168
			*MESH_VERTEX  351	13.608350	-2.903890	127.328629
			*MESH_VERTEX  352	12.379050	-4.523510	136.271088
			*MESH_VERTEX  353	15.024793	0.480527	133.684189
			*MESH_VERTEX  354	-3.392772	-4.275928	113.629082
			*MESH_VERTEX  355	-11.729700	8.069518	116.833252
			*MESH_VERTEX  356	-11.987657	4.530730	115.986404
			*MESH_VERTEX  357	-9.881792	-0.690404	114.239380
			*MESH_VERTEX  358	-8.776753	0.972165	121.436172
			*MESH_VERTEX  359	-12.066168	1.529146	140.884750
			*MESH_VERTEX  360	-7.156181	-2.472732	124.822205
			*MESH_VERTEX  361	-14.316615	0.107100	129.786102
			*MESH_VERTEX  362	-10.834755	-0.458437	126.392380
			*MESH_VERTEX  363	-13.728666	-4.171405	132.197006
			*MESH_VERTEX  364	-8.002356	-5.608769	125.674438
			*MESH_VERTEX  365	-4.881294	-7.076816	128.020004
			*MESH_VERTEX  366	-3.674875	-3.075947	120.569885
			*MESH_VERTEX  367	-14.296663	5.172704	131.127670
			*MESH_VERTEX  368	-10.011510	-6.804578	128.383286
			*MESH_VERTEX  369	-13.030339	-2.362020	127.423065
			*MESH_VERTEX  370	-11.548336	-4.763183	136.623093
			*MESH_VERTEX  371	-14.317192	6.310050	140.515198
			*MESH_VERTEX  372	-15.900246	12.130430	137.732559
			*MESH_VERTEX  373	-14.498234	0.168433	134.112732
			*MESH_VERTEX  374	-0.110867	13.450356	118.401634
			*MESH_VERTEX  375	0.076625	18.327349	130.871170
