*3DSMAX_ASCIIEXPORT	108
*COMMENT " [Zengine ASC Exporter v1.08] AsciiExport Version  1,08 - Tue Feb 19 13:57:22 2002"
*SCENE {
	*SCENE_FILENAME "Hum_PaladivV7_HeadScaled.max"
	*SCENE_FIRSTFRAME 0
	*SCENE_LASTFRAME 100
	*SCENE_FRAMESPEED 25
	*SCENE_TICKSPERFRAME 192
	*SCENE_BACKGROUND_STATIC 0.000000	0.000000	0.000000
	*SCENE_AMBIENT_STATIC 0.600000	0.600000	0.600000
}
*MATERIAL_LIST {
	*MATERIAL_COUNT 3
	*MATERIAL 0 {
		*MATERIAL_NAME "head"
		*MATERIAL_CLASS "Standard"
		*MATERIAL_AMBIENT 0.188235	0.141176	0.050980
		*MATERIAL_DIFFUSE 0.650980	0.627451	0.572549
		*MATERIAL_SPECULAR 0.900000	0.900000	0.900000
		*MATERIAL_SHINE 0.420000
		*MATERIAL_SHINESTRENGTH 0.190000
		*MATERIAL_TRANSPARENCY 0.000000
		*MATERIAL_WIRESIZE 1.000000
		*MATERIAL_SHADING Blinn
		*MATERIAL_XP_FALLOFF 0.000000
		*MATERIAL_SELFILLUM 0.000000
		*MATERIAL_FALLOFF In
		*MATERIAL_XP_TYPE Filter
		*MAP_DIFFUSE {
			*MAP_NAME "UpperArmR"
			*MAP_CLASS "Bitmap"
			*MAP_SUBNO 1
			*MAP_AMOUNT 1.000000
			*BITMAP "Hum_Head_V1_C1.tga"
			*MAP_TYPE Screen
			*UVW_U_OFFSET 0.000000
			*UVW_V_OFFSET 0.000000
			*UVW_U_TILING 1.000000
			*UVW_V_TILING 1.000000
			*UVW_ANGLE 0.000000
			*UVW_BLUR 1.000000
			*UVW_BLUR_OFFSET 0.000000
			*UVW_NOUSE_AMT 1.000000
			*UVW_NOISE_SIZE 1.000000
			*UVW_NOISE_LEVEL 1
			*UVW_NOISE_PHASE 0.000000
			*BITMAP_FILTER Pyramidal
		}
	}
	*MATERIAL 1 {
		*MATERIAL_NAME "Pal-Ruestung"
		*MATERIAL_CLASS "Standard"
		*MATERIAL_AMBIENT 0.435294	0.486275	0.533333
		*MATERIAL_DIFFUSE 0.592157	0.611765	0.623529
		*MATERIAL_SPECULAR 0.827451	0.827451	0.827451
		*MATERIAL_SHINE 0.220000
		*MATERIAL_SHINESTRENGTH 0.000000
		*MATERIAL_TRANSPARENCY 0.000000
		*MATERIAL_WIRESIZE 1.000000
		*MATERIAL_SHADING Blinn
		*MATERIAL_XP_FALLOFF 0.000000
		*MATERIAL_SELFILLUM 0.000000
		*MATERIAL_FALLOFF In
		*MATERIAL_XP_TYPE Filter
		*MAP_DIFFUSE {
			*MAP_NAME "Map #8"
			*MAP_CLASS "Bitmap"
			*MAP_SUBNO 1
			*MAP_AMOUNT 1.000000
			*BITMAP "Paladin.tga"
			*MAP_TYPE Screen
			*UVW_U_OFFSET 0.000000
			*UVW_V_OFFSET 0.000000
			*UVW_U_TILING 1.000000
			*UVW_V_TILING 1.000000
			*UVW_ANGLE 0.000000
			*UVW_BLUR 1.000000
			*UVW_BLUR_OFFSET 0.000000
			*UVW_NOUSE_AMT 1.000000
			*UVW_NOISE_SIZE 1.000000
			*UVW_NOISE_LEVEL 1
			*UVW_NOISE_PHASE 0.000000
			*BITMAP_FILTER Pyramidal
			*MAP_REFLECT 0.50000000
		}
		*MAP_BUMP {
			*MAP_NAME "Map #11"
			*MAP_CLASS "Bitmap"
			*MAP_SUBNO 8
			*MAP_AMOUNT 0.200000
			*BITMAP "Paladin.tga"
			*MAP_TYPE Screen
			*UVW_U_OFFSET 0.000000
			*UVW_V_OFFSET 0.000000
			*UVW_U_TILING 1.000000
			*UVW_V_TILING 1.000000
			*UVW_ANGLE 0.000000
			*UVW_BLUR 1.000000
			*UVW_BLUR_OFFSET 0.000000
			*UVW_NOUSE_AMT 1.000000
			*UVW_NOISE_SIZE 1.000000
			*UVW_NOISE_LEVEL 1
			*UVW_NOISE_PHASE 0.000000
			*BITMAP_FILTER Pyramidal
		}
	}
	*MATERIAL 2 {
		*MATERIAL_NAME "Pal-Helm"
		*MATERIAL_CLASS "Standard"
		*MATERIAL_AMBIENT 0.435294	0.486275	0.533333
		*MATERIAL_DIFFUSE 0.592157	0.611765	0.623529
		*MATERIAL_SPECULAR 0.827451	0.827451	0.827451
		*MATERIAL_SHINE 0.220000
		*MATERIAL_SHINESTRENGTH 0.000000
		*MATERIAL_TRANSPARENCY 0.000000
		*MATERIAL_WIRESIZE 1.000000
		*MATERIAL_SHADING Blinn
		*MATERIAL_XP_FALLOFF 0.000000
		*MATERIAL_SELFILLUM 0.000000
		*MATERIAL_FALLOFF In
		*MATERIAL_XP_TYPE Filter
		*MAP_DIFFUSE {
			*MAP_NAME "Map #12"
			*MAP_CLASS "Bitmap"
			*MAP_SUBNO 1
			*MAP_AMOUNT 1.000000
			*BITMAP "Pal-Helm.tga"
			*MAP_TYPE Screen
			*UVW_U_OFFSET 0.000000
			*UVW_V_OFFSET 0.000000
			*UVW_U_TILING 1.000000
			*UVW_V_TILING 1.000000
			*UVW_ANGLE 0.000000
			*UVW_BLUR 1.000000
			*UVW_BLUR_OFFSET 0.000000
			*UVW_NOUSE_AMT 1.000000
			*UVW_NOISE_SIZE 1.000000
			*UVW_NOISE_LEVEL 1
			*UVW_NOISE_PHASE 0.000000
			*BITMAP_FILTER Pyramidal
			*MAP_REFLECT 0.50000000
		}
		*MAP_BUMP {
			*MAP_NAME "Map #13"
			*MAP_CLASS "Bitmap"
			*MAP_SUBNO 8
			*MAP_AMOUNT 0.200000
			*BITMAP "Pal-Helm.tga"
			*MAP_TYPE Screen
			*UVW_U_OFFSET 0.000000
			*UVW_V_OFFSET 0.000000
			*UVW_U_TILING 1.000000
			*UVW_V_TILING 1.000000
			*UVW_ANGLE 0.000000
			*UVW_BLUR 1.000000
			*UVW_BLUR_OFFSET 0.000000
			*UVW_NOUSE_AMT 1.000000
			*UVW_NOISE_SIZE 1.000000
			*UVW_NOISE_LEVEL 1
			*UVW_NOISE_PHASE 0.000000
			*BITMAP_FILTER Pyramidal
		}
	}
}
*GEOMOBJECT {
	*NODE_NAME "Bip01"
	*NODE_TM {
		*NODE_NAME "Bip01"
		*TM_ROW0 0.024624	-0.993774	0.108663
		*TM_ROW1 0.999693	0.024771	-0.000000
		*TM_ROW2 -0.002692	0.108630	0.994079
		*TM_ROW3 0.143697	6.203871	100.712463
		*TM_POS 0.143697	6.203871	100.712463
		*TM_ROTAXIS 0.054328	0.055691	0.996969
		*TM_ROTANGLE 1.549058
		*TM_SCALE 1.000000	1.000000	1.000000
		*TM_SCALEAXIS 0.000000	-0.950111	0.311912
		*TM_SCALEAXISANG 0.065194
	}
	*WIREFRAME_COLOR 0.650980	0.792157	0.941177
}
*GEOMOBJECT {
	*NODE_NAME "Bip01 Footsteps"
	*NODE_PARENT "Bip01"
	*NODE_TM {
		*NODE_NAME "Bip01 Footsteps"
		*TM_ROW0 1.000000	0.000000	0.000000
		*TM_ROW1 0.000000	1.000000	0.000000
		*TM_ROW2 0.000000	0.000000	1.000000
		*TM_ROW3 0.143697	6.203871	-0.144161
		*TM_POS 0.143697	6.203871	-0.144161
		*TM_ROTAXIS 0.000000	0.000000	0.000000
		*TM_ROTANGLE 0.000000
		*TM_SCALE 1.000000	1.000000	1.000000
		*TM_SCALEAXIS 0.000000	0.000000	0.000000
		*TM_SCALEAXISANG 0.000000
	}
	*WIREFRAME_COLOR 0.650980	0.792157	0.941177
}
*GEOMOBJECT {
	*NODE_NAME "Bip01 Pelvis"
	*NODE_PARENT "Bip01"
	*NODE_TM {
		*NODE_NAME "Bip01 Pelvis"
		*TM_ROW0 -0.022491	0.108118	0.993884
		*TM_ROW1 0.024625	-0.993774	0.108663
		*TM_ROW2 0.999444	0.026919	0.019688
		*TM_ROW3 -0.138431	7.773397	100.540184
		*TM_POS -0.138431	7.773397	100.540184
		*TM_ROTAXIS -0.698797	-0.047531	-0.713740
		*TM_ROTANGLE 3.083070
		*TM_SCALE 1.000000	1.000000	1.000000
		*TM_SCALEAXIS 0.556063	0.716392	-0.421399
		*TM_SCALEAXISANG 0.033849
	}
	*WIREFRAME_COLOR 0.878431	0.776471	0.341176
}
*GEOMOBJECT {
	*NODE_NAME "Bip01 Spine"
	*NODE_PARENT "Bip01 Pelvis"
	*NODE_TM {
		*NODE_NAME "Bip01 Spine"
		*TM_ROW0 0.010153	-0.006162	0.999930
		*TM_ROW1 0.019719	-0.999785	-0.006361
		*TM_ROW2 0.999754	0.019782	-0.010029
		*TM_ROW3 -0.147048	8.122774	102.917503
		*TM_POS -0.147048	8.122774	102.917503
		*TM_ROTAXIS -0.710658	-0.004769	-0.703522
		*TM_ROTANGLE 3.159987
		*TM_SCALE 1.000000	1.000000	1.000000
		*TM_SCALEAXIS -0.000002	0.398138	0.917325
		*TM_SCALEAXISANG 0.027979
	}
	*WIREFRAME_COLOR 0.031373	0.431373	0.525490
}
*GEOMOBJECT {
	*NODE_NAME "Bip01 Spine1"
	*NODE_PARENT "Bip01 Spine"
	*NODE_TM {
		*NODE_NAME "Bip01 Spine1"
		*TM_ROW0 0.011512	-0.001294	0.999933
		*TM_ROW1 0.019101	-0.999816	-0.001514
		*TM_ROW2 0.999751	0.019117	-0.011485
		*TM_ROW3 -0.047471	8.072402	112.744026
		*TM_POS -0.047471	8.072402	112.744026
		*TM_ROTAXIS -0.711147	-0.006260	-0.703016
		*TM_ROTANGLE 3.156098
		*TM_SCALE 1.000000	1.000000	1.000000
		*TM_SCALEAXIS -0.706355	0.294122	0.643859
		*TM_SCALEAXISANG 0.028966
	}
	*WIREFRAME_COLOR 0.031373	0.431373	0.525490
}
*GEOMOBJECT {
	*NODE_NAME "Bip01 Spine2"
	*NODE_PARENT "Bip01 Spine1"
	*NODE_TM {
		*NODE_NAME "Bip01 Spine2"
		*TM_ROW0 0.011255	0.156123	0.987674
		*TM_ROW1 0.010597	-0.987699	0.156006
		*TM_ROW2 0.999880	0.008710	-0.012771
		*TM_ROW3 0.099506	8.079427	125.529243
		*TM_POS 0.099506	8.079427	125.529243
		*TM_ROTAXIS -0.710135	-0.058852	-0.701602
		*TM_ROTANGLE 3.037696
		*TM_SCALE 1.000000	1.000000	1.000000
		*TM_SCALEAXIS -0.057272	0.003788	-0.998351
		*TM_SCALEAXISANG 0.126113
	}
	*WIREFRAME_COLOR 0.031373	0.431373	0.525490
}
*GEOMOBJECT {
	*NODE_NAME "Bip01 Neck"
	*NODE_PARENT "Bip01 Spine2"
	*NODE_TM {
		*NODE_NAME "Bip01 Neck"
		*TM_ROW0 0.014202	-0.191106	0.981467
		*TM_ROW1 0.006108	-0.981531	-0.191207
		*TM_ROW2 0.999880	0.008710	-0.012772
		*TM_ROW3 0.436950	12.765956	155.144714
		*TM_POS 0.436950	12.765956	155.144714
		*TM_ROTAXIS -0.710378	0.065431	-0.700773
		*TM_ROTANGLE 3.282773
		*TM_SCALE 1.000000	1.000000	1.000000
		*TM_SCALEAXIS -0.736480	0.676459	-0.000003
		*TM_SCALEAXISANG 0.013286
	}
	*WIREFRAME_COLOR 0.031373	0.431373	0.525490
}
*GEOMOBJECT {
	*NODE_NAME "Bip01 L Clavicle"
	*NODE_PARENT "Bip01 Neck"
	*NODE_TM {
		*NODE_NAME "Bip01 L Clavicle"
		*TM_ROW0 0.964511	0.054777	-0.258299
		*TM_ROW1 -0.097366	0.983090	-0.155092
		*TM_ROW2 0.245436	0.174737	0.953535
		*TM_ROW3 8.313409	14.433426	149.355362
		*TM_POS 8.313409	14.433426	149.355362
		*TM_ROTAXIS 0.531096	-0.811123	-0.244982
		*TM_ROTANGLE 0.315737
		*TM_SCALE 1.000000	1.000000	1.000000
		*TM_SCALEAXIS -0.000000	0.921700	0.387903
		*TM_SCALEAXISANG 0.204873
	}
	*WIREFRAME_COLOR 0.109804	0.109804	0.694118
}
*GEOMOBJECT {
	*NODE_NAME "Bip01 L UpperArm"
	*NODE_PARENT "Bip01 L Clavicle"
	*NODE_TM {
		*NODE_NAME "Bip01 L UpperArm"
		*TM_ROW0 0.111290	-0.034231	-0.993198
		*TM_ROW1 0.334842	0.942261	0.005044
		*TM_ROW2 0.935679	-0.333126	0.116326
		*TM_ROW3 21.166485	15.163379	145.913254
		*TM_POS 21.166485	15.163379	145.913254
		*TM_ROTAXIS -0.169698	-0.967937	0.185206
		*TM_ROTANGLE 1.485755
		*TM_SCALE 1.000000	1.000000	1.000000
		*TM_SCALEAXIS 0.733991	-0.679159	0.000000
		*TM_SCALEAXISANG 0.331690
	}
	*WIREFRAME_COLOR 0.109804	0.109804	0.694118
}
*GEOMOBJECT {
	*NODE_NAME "Bip01 L Forearm"
	*NODE_PARENT "Bip01 L UpperArm"
	*NODE_TM {
		*NODE_NAME "Bip01 L Forearm"
		*TM_ROW0 -0.036279	-0.418752	-0.907376
		*TM_ROW1 0.350982	0.844792	-0.403903
		*TM_ROW2 0.935679	-0.333126	0.116326
		*TM_ROW3 24.272169	14.208124	118.196846
		*TM_POS 24.272169	14.208124	118.196846
		*TM_ROTAXIS 0.035414	-0.922179	0.385139
		*TM_ROTANGLE 1.608386
		*TM_SCALE 1.000000	1.000000	1.000000
		*TM_SCALEAXIS -0.000000	-0.024691	-0.999695
		*TM_SCALEAXISANG 0.177314
	}
	*WIREFRAME_COLOR 0.109804	0.109804	0.694118
}
*GEOMOBJECT {
	*NODE_NAME "Bip01 L Hand"
	*NODE_PARENT "Bip01 L Forearm"
	*NODE_TM {
		*NODE_NAME "Bip01 L Hand"
		*TM_ROW0 -0.114926	-0.479701	-0.869873
		*TM_ROW1 -0.936279	0.344905	-0.066502
		*TM_ROW2 0.331925	0.806800	-0.488773
		*TM_ROW3 23.263020	2.559988	92.957001
		*TM_POS 23.263020	2.559988	92.957001
		*TM_ROTAXIS 0.561910	-0.773274	-0.293776
		*TM_ROTANGLE 2.251573
		*TM_SCALE 1.000000	1.000000	1.000000
		*TM_SCALEAXIS 0.000000	0.000000	0.000000
		*TM_SCALEAXISANG 0.000000
	}
	*WIREFRAME_COLOR 0.109804	0.109804	0.694118
}
*GEOMOBJECT {
	*NODE_NAME "Bip01 L Finger0"
	*NODE_PARENT "Bip01 L Hand"
	*NODE_TM {
		*NODE_NAME "Bip01 L Finger0"
		*TM_ROW0 -0.114926	-0.479701	-0.869873
		*TM_ROW1 -0.936543	0.344263	-0.066113
		*TM_ROW2 0.331179	0.807075	-0.488826
		*TM_ROW3 21.783936	-3.613698	81.761864
		*TM_POS 21.783936	-3.613698	81.761864
		*TM_ROTAXIS 0.562040	-0.773074	-0.294053
		*TM_ROTANGLE 2.252021
		*TM_SCALE 1.000000	1.000000	1.000000
		*TM_SCALEAXIS 0.000000	0.000000	0.000000
		*TM_SCALEAXISANG 0.000000
	}
	*WIREFRAME_COLOR 0.525490	0.023529	0.023529
}
*HELPEROBJECT {
	*NODE_NAME "Dummy02"
	*NODE_PARENT "Bip01 L Finger0"
	*HELPER_CLASS "Dummy"
	*NODE_TM {
		*NODE_NAME "Dummy02"
		*TM_ROW0 -0.114926	-0.479701	-0.869873
		*TM_ROW1 -0.936543	0.344263	-0.066113
		*TM_ROW2 0.331179	0.807075	-0.488826
		*TM_ROW3 21.525059	-4.694252	79.802429
		*TM_POS 21.525059	-4.694252	79.802429
		*TM_ROTAXIS 0.562040	-0.773074	-0.294053
		*TM_ROTANGLE 2.252021
		*TM_SCALE 1.000000	1.000000	1.000000
		*TM_SCALEAXIS 0.000000	0.000000	0.000000
		*TM_SCALEAXISANG 0.000000
	}
	*BOUNDINGBOX_MIN 20.768009	-5.522706	79.163353
	*BOUNDINGBOX_MAX 22.282108	-3.865797	80.441505
}
*GEOMOBJECT {
	*NODE_NAME "Bip01 R Clavicle"
	*NODE_PARENT "Bip01 Neck"
	*NODE_TM {
		*NODE_NAME "Bip01 R Clavicle"
		*TM_ROW0 -0.962686	0.061330	-0.263580
		*TM_ROW1 0.105599	0.981902	-0.157215
		*TM_ROW2 0.249168	-0.179182	-0.951740
		*TM_ROW3 -7.612657	14.294642	149.558777
		*TM_POS -7.612657	14.294642	149.558777
		*TM_ROTAXIS -0.042645	-0.995387	0.085939
		*TM_ROTANGLE 2.881094
		*TM_SCALE 1.000000	1.000000	1.000000
		*TM_SCALEAXIS 0.000000	-0.817019	0.576611
		*TM_SCALEAXISANG 0.198263
	}
	*WIREFRAME_COLOR 0.023529	0.525490	0.023529
}
*GEOMOBJECT {
	*NODE_NAME "Bip01 R UpperArm"
	*NODE_PARENT "Bip01 R Clavicle"
	*NODE_TM {
		*NODE_NAME "Bip01 R UpperArm"
		*TM_ROW0 -0.160603	-0.093218	-0.982607
		*TM_ROW1 -0.499574	0.866271	-0.000528
		*TM_ROW2 0.851253	0.490801	-0.185695
		*TM_ROW3 -20.441412	15.111931	146.046310
		*TM_POS -20.441412	15.111931	146.046310
		*TM_ROTAXIS 0.253061	-0.944540	-0.209296
		*TM_ROTANGLE 1.813176
		*TM_SCALE 1.000000	1.000000	1.000000
		*TM_SCALEAXIS -0.871560	0.490289	-0.000000
		*TM_SCALEAXISANG 0.419043
	}
	*WIREFRAME_COLOR 0.023529	0.525490	0.023529
}
*GEOMOBJECT {
	*NODE_NAME "Bip01 R Forearm"
	*NODE_PARENT "Bip01 R UpperArm"
	*NODE_TM {
		*NODE_NAME "Bip01 R Forearm"
		*TM_ROW0 -0.032168	-0.304398	-0.952002
		*TM_ROW1 -0.523768	0.816368	-0.243332
		*TM_ROW2 0.851253	0.490801	-0.185695
		*TM_ROW3 -24.923227	12.510579	118.625450
		*TM_POS -24.923227	12.510579	118.625450
		*TM_ROTAXIS 0.374694	-0.920363	-0.111964
		*TM_ROTANGLE 1.772917
		*TM_SCALE 1.000000	1.000000	1.000000
		*TM_SCALEAXIS -0.999850	0.017327	0.000000
		*TM_SCALEAXISANG 0.551391
	}
	*WIREFRAME_COLOR 0.023529	0.525490	0.023529
}
*GEOMOBJECT {
	*NODE_NAME "Bip01 R Hand"
	*NODE_PARENT "Bip01 R Forearm"
	*NODE_TM {
		*NODE_NAME "Bip01 R Hand"
		*TM_ROW0 0.081071	-0.391256	-0.916704
		*TM_ROW1 0.854658	0.500506	-0.138035
		*TM_ROW2 0.512823	-0.772278	0.374966
		*TM_ROW3 -25.818008	4.043343	92.144279
		*TM_POS -25.818008	4.043343	92.144279
		*TM_ROTAXIS -0.317196	-0.714932	0.623104
		*TM_ROTANGLE 1.592526
		*TM_SCALE 1.000000	1.000000	1.000000
		*TM_SCALEAXIS -0.983827	-0.000000	0.179119
		*TM_SCALEAXISANG 0.374560
	}
	*WIREFRAME_COLOR 0.023529	0.525490	0.023529
}
*GEOMOBJECT {
	*NODE_NAME "Bip01 R Finger0"
	*NODE_PARENT "Bip01 R Hand"
	*NODE_TM {
		*NODE_NAME "Bip01 R Finger0"
		*TM_ROW0 0.081071	-0.391256	-0.916704
		*TM_ROW1 0.855066	0.499891	-0.137737
		*TM_ROW2 0.512142	-0.772676	0.375076
		*TM_ROW3 -24.774632	-0.992060	80.346428
		*TM_POS -24.774632	-0.992060	80.346428
		*TM_ROTAXIS -0.317546	-0.714596	0.623311
		*TM_ROTANGLE 1.592779
		*TM_SCALE 1.000000	1.000000	1.000000
		*TM_SCALEAXIS -0.902341	-0.000001	0.431022
		*TM_SCALEAXISANG 0.212112
	}
	*WIREFRAME_COLOR 0.878431	0.776471	0.341176
}
*HELPEROBJECT {
	*NODE_NAME "Dummy01"
	*NODE_PARENT "Bip01 R Finger0"
	*HELPER_CLASS "Dummy"
	*NODE_TM {
		*NODE_NAME "Dummy01"
		*TM_ROW0 0.081071	-0.391256	-0.916704
		*TM_ROW1 0.855066	0.499891	-0.137737
		*TM_ROW2 -0.512142	0.772676	-0.375076
		*TM_ROW3 -24.592014	-1.873384	78.281502
		*TM_POS -24.592014	-1.873384	78.281502
		*TM_ROTAXIS -0.570588	0.253553	-0.781114
		*TM_ROTANGLE 2.217981
		*TM_SCALE 1.000000	1.000000	1.000000
		*TM_SCALEAXIS 0.902341	0.000001	0.431022
		*TM_SCALEAXISANG 0.212112
	}
	*BOUNDINGBOX_MIN -25.392378	-2.736903	77.648560
	*BOUNDINGBOX_MAX -23.791651	-1.009866	78.914444
}
*GEOMOBJECT {
	*NODE_NAME "Bip01 Head"
	*NODE_PARENT "Bip01 Neck"
	*NODE_TM {
		*NODE_NAME "Bip01 Head"
		*TM_ROW0 -0.010611	0.002218	0.999941
		*TM_ROW1 -0.042484	-0.999096	0.001765
		*TM_ROW2 0.999041	-0.042462	0.010696
		*TM_ROW3 0.534079	11.458941	161.857178
		*TM_POS 0.534079	11.458941	161.857178
		*TM_ROTAXIS -0.703256	0.014318	-0.710792
		*TM_ROTANGLE 3.110143
		*TM_SCALE 1.000000	1.000000	1.000000
		*TM_SCALEAXIS 0.000001	0.622385	0.782711
		*TM_SCALEAXISANG 0.065543
	}
	*WIREFRAME_COLOR 0.694118	0.580392	0.101961
}
*HELPEROBJECT {
	*NODE_NAME "Dummy05"
	*NODE_PARENT "Bip01 Head"
	*HELPER_CLASS "Dummy"
	*NODE_TM {
		*NODE_NAME "Dummy05"
		*TM_ROW0 -0.010611	0.002218	0.999941
		*TM_ROW1 -0.042484	-0.999096	0.001765
		*TM_ROW2 0.999041	-0.042462	0.010696
		*TM_ROW3 0.295055	11.508893	184.381409
		*TM_POS 0.295055	11.508893	184.381409
		*TM_ROTAXIS -0.703256	0.014318	-0.710792
		*TM_ROTANGLE 3.110143
		*TM_SCALE 1.000000	1.000000	1.000000
		*TM_SCALEAXIS 0.000001	0.622385	0.782711
		*TM_SCALEAXISANG 0.065543
	}
	*BOUNDINGBOX_MIN -2.667437	8.569941	181.530792
	*BOUNDINGBOX_MAX 3.257547	14.447845	187.232025
}
*GEOMOBJECT {
	*NODE_NAME "Head_N"
	*NODE_PARENT "Bip01 Head"
	*NODE_TM {
		*NODE_NAME "Head_N"
		*TM_ROW0 23.748116	-0.922894	0.385669
		*TM_ROW1 0.971579	24.856524	-0.345479
		*TM_ROW2 -0.378651	0.350526	24.154764
		*TM_ROW3 0.383267	10.307190	171.371307
		*TM_POS 0.383267	10.307190	171.371307
		*TM_ROTAXIS 0.319690	0.359125	0.876828
		*TM_ROTANGLE 0.044425
		*TM_SCALE 23.769171	24.877905	24.160275
		*TM_SCALEAXIS 0.000000	0.000000	0.000000
		*TM_SCALEAXISANG 0.000000
	}
	*MATERIAL_REF 0
}
*GEOMOBJECT {
	*NODE_NAME "Bip01 L Thigh"
	*NODE_PARENT "Bip01 Spine"
	*NODE_TM {
		*NODE_NAME "Bip01 L Thigh"
		*TM_ROW0 0.111032	-0.016611	-0.993678
		*TM_ROW1 0.055193	-0.998214	0.022854
		*TM_ROW2 -0.992283	-0.057382	-0.109917
		*TM_ROW3 8.866776	8.015921	100.717567
		*TM_POS 8.866776	8.015921	100.717567
		*TM_ROTAXIS -0.745113	-0.012954	0.666812
		*TM_ROTANGLE 3.087725
		*TM_SCALE 1.000000	1.000000	1.000000
		*TM_SCALEAXIS -0.608201	0.793783	-0.000000
		*TM_SCALEAXISANG 0.091022
	}
	*WIREFRAME_COLOR 0.109804	0.109804	0.694118
}
*GEOMOBJECT {
	*NODE_NAME "Bip01 L Calf"
	*NODE_PARENT "Bip01 L Thigh"
	*NODE_TM {
		*NODE_NAME "Bip01 L Calf"
		*TM_ROW0 0.099884	0.155328	-0.982800
		*TM_ROW1 0.073468	-0.986195	-0.148398
		*TM_ROW2 -0.992283	-0.057382	-0.109917
		*TM_ROW3 13.235304	7.362344	61.621475
		*TM_POS 13.235304	7.362344	61.621475
		*TM_ROTAXIS -0.741294	-0.077234	0.666722
		*TM_ROTANGLE 3.203021
		*TM_SCALE 1.000000	1.000000	1.000000
		*TM_SCALEAXIS 0.000000	0.819103	-0.573646
		*TM_SCALEAXISANG 0.367918
	}
	*WIREFRAME_COLOR 0.109804	0.109804	0.694118
}
*GEOMOBJECT {
	*NODE_NAME "Bip01 L Foot"
	*NODE_PARENT "Bip01 L Calf"
	*NODE_TM {
		*NODE_NAME "Bip01 L Foot"
		*TM_ROW0 -0.000835	0.033978	-0.999422
		*TM_ROW1 0.139869	-0.989594	-0.033761
		*TM_ROW2 -0.990170	-0.139816	-0.003926
		*TM_ROW3 18.139374	14.988587	13.368279
		*TM_POS 18.139374	14.988587	13.368279
		*TM_ROTAXIS -0.706311	-0.061621	0.705215
		*TM_ROTANGLE 3.066445
		*TM_SCALE 1.000000	1.000000	1.000000
		*TM_SCALEAXIS -0.000000	0.961387	0.275199
		*TM_SCALEAXISANG 0.028312
	}
	*WIREFRAME_COLOR 0.109804	0.109804	0.694118
}
*GEOMOBJECT {
	*NODE_NAME "Bip01 L Toe0"
	*NODE_PARENT "Bip01 L Foot"
	*NODE_TM {
		*NODE_NAME "Bip01 L Toe0"
		*TM_ROW0 0.139869	-0.989594	-0.033761
		*TM_ROW1 0.000835	-0.033978	0.999422
		*TM_ROW2 -0.990170	-0.139816	-0.003926
		*TM_ROW3 21.295990	-6.990573	-0.015646
		*TM_POS 21.295990	-6.990573	-0.015646
		*TM_ROTAXIS -0.637498	0.535190	0.554227
		*TM_ROTANGLE 2.036462
		*TM_SCALE 1.000000	1.000000	1.000000
		*TM_SCALEAXIS 0.961387	-0.000001	0.275199
		*TM_SCALEAXISANG 0.028312
	}
	*WIREFRAME_COLOR 0.423529	0.031373	0.533333
}
*HELPEROBJECT {
	*NODE_NAME "Dummy04"
	*NODE_PARENT "Bip01 L Toe0"
	*HELPER_CLASS "Dummy"
	*NODE_TM {
		*NODE_NAME "Dummy04"
		*TM_ROW0 0.139869	-0.989594	-0.033761
		*TM_ROW1 0.000835	-0.033978	0.999422
		*TM_ROW2 0.990170	0.139816	0.003926
		*TM_ROW3 21.485027	-8.328043	-0.061275
		*TM_POS 21.485027	-8.328043	-0.061275
		*TM_ROTAXIS -0.516645	-0.615408	0.595273
		*TM_ROTANGLE 4.124136
		*TM_SCALE 1.000000	1.000000	1.000000
		*TM_SCALEAXIS -0.961387	0.000001	0.275199
		*TM_SCALEAXISANG 0.028312
	}
	*BOUNDINGBOX_MIN 21.118677	-8.609677	-0.407894
	*BOUNDINGBOX_MAX 21.851377	-8.046409	0.285344
}
*GEOMOBJECT {
	*NODE_NAME "Bip01 R Thigh"
	*NODE_PARENT "Bip01 Spine"
	*NODE_TM {
		*NODE_NAME "Bip01 R Thigh"
		*TM_ROW0 -0.123957	0.013521	-0.992196
		*TM_ROW1 -0.071559	-0.997425	-0.004653
		*TM_ROW2 -0.989704	0.070424	0.124605
		*TM_ROW3 -9.143637	7.530865	100.362801
		*TM_POS -9.143637	7.530865	100.362801
		*TM_ROTAXIS 0.661490	-0.021952	-0.749633
		*TM_ROTANGLE 3.084814
		*TM_SCALE 1.000000	1.000000	1.000000
		*TM_SCALEAXIS -0.998128	-0.061166	-0.000001
		*TM_SCALEAXISANG 0.015838
	}
	*WIREFRAME_COLOR 0.023529	0.525490	0.023529
}
*GEOMOBJECT {
	*NODE_NAME "Bip01 R Calf"
	*NODE_PARENT "Bip01 R Thigh"
	*NODE_TM {
		*NODE_NAME "Bip01 R Calf"
		*TM_ROW0 -0.113836	0.140418	-0.983526
		*TM_ROW1 -0.086761	-0.987585	-0.130955
		*TM_ROW2 -0.989704	0.070424	0.124605
		*TM_ROW3 -14.020693	8.062859	61.325039
		*TM_POS -14.020693	8.062859	61.325039
		*TM_ROTAXIS 0.663201	0.020345	-0.748165
		*TM_ROTANGLE 2.989180
		*TM_SCALE 1.000000	1.000000	1.000000
		*TM_SCALEAXIS 0.193078	-0.060638	-0.979308
		*TM_SCALEAXISANG 0.164976
	}
	*WIREFRAME_COLOR 0.023529	0.525490	0.023529
}
*GEOMOBJECT {
	*NODE_NAME "Bip01 R Foot"
	*NODE_PARENT "Bip01 R Calf"
	*NODE_TM {
		*NODE_NAME "Bip01 R Foot"
		*TM_ROW0 -0.018489	0.022570	-0.999574
		*TM_ROW1 -0.089771	-0.995745	-0.020823
		*TM_ROW2 -0.995791	0.089347	0.020437
		*TM_ROW3 -19.609762	14.957045	13.036190
		*TM_POS -19.609762	14.957045	13.036190
		*TM_ROTAXIS 0.699975	-0.024038	-0.713763
		*TM_ROTANGLE 3.062815
		*TM_SCALE 1.000000	1.000000	1.000000
		*TM_SCALEAXIS 0.916447	-0.000000	0.400157
		*TM_SCALEAXISANG 0.061511
	}
	*WIREFRAME_COLOR 0.023529	0.525490	0.023529
}
*GEOMOBJECT {
	*NODE_NAME "Bip01 R Toe0"
	*NODE_PARENT "Bip01 R Foot"
	*NODE_TM {
		*NODE_NAME "Bip01 R Toe0"
		*TM_ROW0 -0.089771	-0.995745	-0.020823
		*TM_ROW1 0.018489	-0.022570	0.999574
		*TM_ROW2 -0.995791	0.089347	0.020437
		*TM_ROW3 -21.875971	-7.305435	-0.056688
		*TM_POS -21.875971	-7.305435	-0.056688
		*TM_ROTAXIS 0.543214	-0.581850	-0.605284
		*TM_ROTANGLE 4.134864
		*TM_SCALE 1.000000	1.000000	1.000000
		*TM_SCALEAXIS -0.000000	-0.916447	0.400157
		*TM_SCALEAXISANG 0.061511
	}
	*WIREFRAME_COLOR 0.443137	0.525490	0.023529
}
*HELPEROBJECT {
	*NODE_NAME "Dummy03"
	*NODE_PARENT "Bip01 R Toe0"
	*HELPER_CLASS "Dummy"
	*NODE_TM {
		*NODE_NAME "Dummy03"
		*TM_ROW0 -0.089771	-0.995745	-0.020823
		*TM_ROW1 0.018489	-0.022570	0.999574
		*TM_ROW2 -0.995791	0.089347	0.020437
		*TM_ROW3 -21.997299	-8.651217	-0.084831
		*TM_POS -21.997299	-8.651217	-0.084831
		*TM_ROTAXIS 0.543214	-0.581850	-0.605284
		*TM_ROTANGLE 4.134864
		*TM_SCALE 1.000000	1.000000	1.000000
		*TM_SCALEAXIS -0.000000	-0.916447	0.400157
		*TM_SCALEAXISANG 0.061511
	}
	*BOUNDINGBOX_MIN -22.360229	-8.913329	-0.434166
	*BOUNDINGBOX_MAX -21.634369	-8.389106	0.264504
}
*GEOMOBJECT {
	*NODE_NAME "zm_Pal"
	*NODE_TM {
		*NODE_NAME "zm_Pal"
		*TM_ROW0 1.000000	0.000000	0.000000
		*TM_ROW1 0.000000	1.000000	0.000000
		*TM_ROW2 0.000000	0.000000	1.000000
		*TM_ROW3 0.000004	3.741303	83.406830
		*TM_POS 0.000004	3.741303	83.406830
		*TM_ROTAXIS 0.000000	0.000000	0.000000
		*TM_ROTANGLE 0.000000
		*TM_SCALE 1.000000	1.000000	1.000000
		*TM_SCALEAXIS 0.000000	0.000000	0.000000
		*TM_SCALEAXISANG 0.000000
	}
	*MATERIAL_REF 1
	*MESH_SOFTSKIN {
		*TIMEVALUE 0
		*MESH_NUMVERTEX 569
		*MESH_NUMFACES 1028
		*MESH_VERTEX_LIST {
			*MESH_VERTEX    0	15.152335	16.200922	136.536621
			*MESH_VERTEX    1	19.972393	7.393431	139.461563
			*MESH_VERTEX    2	15.893802	9.369447	114.418617
			*MESH_VERTEX    3	0.027502	-6.326722	114.716621
			*MESH_VERTEX    4	9.502526	-1.866983	115.166397
			*MESH_VERTEX    5	16.217333	-0.148699	147.525574
			*MESH_VERTEX    6	15.332142	8.008794	157.749222
			*MESH_VERTEX    7	0.524159	-0.135476	153.068649
			*MESH_VERTEX    8	0.433937	-8.646722	137.263046
			*MESH_VERTEX    9	20.196268	11.335772	125.009842
			*MESH_VERTEX   10	0.349501	-8.808879	125.072334
			*MESH_VERTEX   11	12.825844	-2.846038	125.147797
			*MESH_VERTEX   12	22.063696	5.247006	134.643204
			*MESH_VERTEX   13	15.466698	-3.769084	136.942413
			*MESH_VERTEX   14	0.470121	11.383340	161.082748
			*MESH_VERTEX   15	13.857658	4.704162	153.877060
			*MESH_VERTEX   16	0.505795	-6.020761	146.776993
			*MESH_VERTEX   17	14.212773	14.468349	159.889664
			*MESH_VERTEX   18	0.395434	2.611840	149.461014
			*MESH_VERTEX   19	0.178100	3.016149	161.588333
			*MESH_VERTEX   20	7.907864	8.069792	156.345001
			*MESH_VERTEX   21	9.681151	16.165401	156.907852
			*MESH_VERTEX   22	4.736010	5.164442	162.622543
			*MESH_VERTEX   23	7.011598	8.952245	164.943848
			*MESH_VERTEX   24	3.969813	-8.947489	105.567749
			*MESH_VERTEX   25	14.437778	-3.608363	105.750023
			*MESH_VERTEX   26	19.982214	10.400998	105.264023
			*MESH_VERTEX   27	9.018232	-13.023639	79.174942
			*MESH_VERTEX   28	20.602600	-9.638714	80.177605
			*MESH_VERTEX   29	26.275005	10.390982	79.671722
			*MESH_VERTEX   30	6.627365	-11.320951	92.908615
			*MESH_VERTEX   31	17.966560	-6.882442	93.219788
			*MESH_VERTEX   32	24.435434	9.688939	92.389870
			*MESH_VERTEX   33	5.196450	-9.975222	91.503136
			*MESH_VERTEX   34	14.938150	-3.567059	92.005402
			*MESH_VERTEX   35	20.623493	7.331552	92.138718
			*MESH_VERTEX   36	6.781871	-10.427203	73.428162
			*MESH_VERTEX   37	18.962311	-5.303726	74.287422
			*MESH_VERTEX   38	24.252953	6.730958	73.523369
			*MESH_VERTEX   39	-0.105381	6.344728	79.166565
			*MESH_VERTEX   40	-3.072756	-9.267488	105.519089
			*MESH_VERTEX   41	-6.082557	-10.445131	73.145813
			*MESH_VERTEX   42	-4.356780	-10.245944	91.230110
			*MESH_VERTEX   43	-18.535175	-6.654815	74.110222
			*MESH_VERTEX   44	-24.460297	5.603359	73.187363
			*MESH_VERTEX   45	-14.391162	-4.433969	91.567749
			*MESH_VERTEX   46	-20.808105	6.119872	91.763214
			*MESH_VERTEX   47	-16.030334	8.716760	114.704155
			*MESH_VERTEX   48	-9.673394	-2.646519	114.619728
			*MESH_VERTEX   49	-14.047560	-4.450382	105.276489
			*MESH_VERTEX   50	-20.428370	9.268267	105.037582
			*MESH_VERTEX   51	-8.163045	-13.779262	79.068855
			*MESH_VERTEX   52	-19.915520	-10.995573	80.061066
			*MESH_VERTEX   53	-26.607214	8.828292	79.229324
			*MESH_VERTEX   54	-5.726799	-11.741866	92.800507
			*MESH_VERTEX   55	-17.378967	-7.933594	93.029274
			*MESH_VERTEX   56	-24.741251	8.241630	91.866333
			*MESH_VERTEX   57	-15.235160	15.918341	135.978882
			*MESH_VERTEX   58	-19.165554	7.258131	139.660248
			*MESH_VERTEX   59	-15.293684	-0.439702	147.933792
			*MESH_VERTEX   60	-14.370246	7.792014	158.093689
			*MESH_VERTEX   61	-20.087093	10.772858	125.513969
			*MESH_VERTEX   62	-12.303351	-3.218398	125.451935
			*MESH_VERTEX   63	-21.554401	4.774387	135.217224
			*MESH_VERTEX   64	-14.708405	-4.092769	137.339249
			*MESH_VERTEX   65	-12.545360	4.370695	154.385239
			*MESH_VERTEX   66	-13.242538	14.238620	160.243530
			*MESH_VERTEX   67	-6.999498	7.912797	156.554291
			*MESH_VERTEX   68	-8.859344	16.017817	157.166672
			*MESH_VERTEX   69	-4.202157	5.544360	162.526855
			*MESH_VERTEX   70	-6.197244	9.513689	164.802429
			*MESH_VERTEX   71	-0.309818	20.716101	114.198029
			*MESH_VERTEX   72	9.561431	18.641451	114.180237
			*MESH_VERTEX   73	0.068347	26.849136	137.443436
			*MESH_VERTEX   74	19.671631	19.961758	134.522797
			*MESH_VERTEX   75	0.343863	24.925968	156.788956
			*MESH_VERTEX   76	-0.129619	24.669731	124.956116
			*MESH_VERTEX   77	13.639093	22.705173	124.973862
			*MESH_VERTEX   78	16.321815	24.032543	136.862442
			*MESH_VERTEX   79	0.240752	27.129379	149.728409
			*MESH_VERTEX   80	0.414758	20.794722	160.821442
			*MESH_VERTEX   81	12.525584	19.317171	159.944382
			*MESH_VERTEX   82	9.573405	25.655397	153.535614
			*MESH_VERTEX   83	10.011147	23.835213	155.880936
			*MESH_VERTEX   84	0.715094	17.242815	167.912811
			*MESH_VERTEX   85	0.386905	20.485493	157.589813
			*MESH_VERTEX   86	5.946916	15.053841	167.121582
			*MESH_VERTEX   87	9.409465	26.579391	149.574341
			*MESH_VERTEX   88	-10.086375	18.239502	114.355827
			*MESH_VERTEX   89	-19.476564	19.555595	135.036133
			*MESH_VERTEX   90	-13.837068	22.337135	125.325851
			*MESH_VERTEX   91	-16.139532	23.710281	137.286285
			*MESH_VERTEX   92	-11.635086	19.112841	160.254349
			*MESH_VERTEX   93	-8.929175	25.503775	153.757019
			*MESH_VERTEX   94	-9.299252	23.672592	156.121933
			*MESH_VERTEX   95	-4.665482	15.504923	167.007965
			*MESH_VERTEX   96	-8.917910	26.417786	149.810303
			*MESH_VERTEX   97	13.980339	21.180513	104.327705
			*MESH_VERTEX   98	20.225674	22.277857	77.760040
			*MESH_VERTEX   99	19.001581	21.896568	90.808533
			*MESH_VERTEX  100	7.540365	26.697554	76.175117
			*MESH_VERTEX  101	5.736480	28.691236	88.750305
			*MESH_VERTEX  102	3.051779	26.422102	102.952171
			*MESH_VERTEX  103	17.394302	18.334091	90.832367
			*MESH_VERTEX  104	4.554065	27.380486	88.432014
			*MESH_VERTEX  105	-4.088703	26.254387	102.870796
			*MESH_VERTEX  106	-5.744550	24.113111	70.383965
			*MESH_VERTEX  107	-5.541585	26.972534	88.340004
			*MESH_VERTEX  108	4.748549	24.455599	70.550499
			*MESH_VERTEX  109	-14.969521	20.461708	104.247818
			*MESH_VERTEX  110	-21.155531	20.952866	77.101974
			*MESH_VERTEX  111	-20.130476	20.718489	90.276428
			*MESH_VERTEX  112	-8.706414	26.237217	75.791664
			*MESH_VERTEX  113	-7.032571	28.363796	88.665802
			*MESH_VERTEX  114	-18.308636	17.261599	90.364624
			*MESH_VERTEX  115	19.282669	19.253174	72.096085
			*MESH_VERTEX  116	-20.129477	17.828812	71.619064
			*MESH_VERTEX  117	-33.505573	12.804424	122.114059
			*MESH_VERTEX  118	-37.432262	21.181950	125.758125
			*MESH_VERTEX  119	-39.132374	15.838667	130.184113
			*MESH_VERTEX  120	-37.155663	10.239564	131.894943
			*MESH_VERTEX  121	-32.952297	7.040177	126.502167
			*MESH_VERTEX  122	-26.725744	5.886974	124.335762
			*MESH_VERTEX  123	-26.944902	6.028139	121.194901
			*MESH_VERTEX  124	-33.194218	6.605110	118.226860
			*MESH_VERTEX  125	-37.918854	9.002531	113.261032
			*MESH_VERTEX  126	-40.263321	15.344234	114.604889
			*MESH_VERTEX  127	-38.012291	21.048904	119.438789
			*MESH_VERTEX  128	-38.523804	12.853195	122.395943
			*MESH_VERTEX  129	-37.049583	10.627069	124.610268
			*MESH_VERTEX  130	-35.885674	8.367249	122.296082
			*MESH_VERTEX  131	-37.338722	10.473795	119.964996
			*MESH_VERTEX  132	-42.144516	7.666883	122.692963
			*MESH_VERTEX  133	-9.063962	2.068078	56.059292
			*MESH_VERTEX  134	-3.260039	16.785828	60.124901
			*MESH_VERTEX  135	-2.277964	11.584384	63.575336
			*MESH_VERTEX  136	-4.296986	4.616792	64.400040
			*MESH_VERTEX  137	-6.826228	1.992540	59.338951
			*MESH_VERTEX  138	-8.263928	3.646674	51.146847
			*MESH_VERTEX  139	-6.588897	8.400011	46.755074
			*MESH_VERTEX  140	-4.011383	15.357074	49.744942
			*MESH_VERTEX  141	-3.918005	18.228542	54.880306
			*MESH_VERTEX  142	-3.480937	9.922013	56.087688
			*MESH_VERTEX  143	-3.738252	6.516145	57.782177
			*MESH_VERTEX  144	-4.519797	4.253549	55.289627
			*MESH_VERTEX  145	-4.262033	7.662914	53.596661
			*MESH_VERTEX  146	-3.168651	6.950580	55.501404
			*MESH_VERTEX  147	-20.158981	2.200694	58.362312
			*MESH_VERTEX  148	-23.051590	17.063173	64.169548
			*MESH_VERTEX  149	-23.167141	11.923122	68.163269
			*MESH_VERTEX  150	-21.647572	5.040042	69.318413
			*MESH_VERTEX  151	-21.001066	2.137317	62.386738
			*MESH_VERTEX  152	-22.243660	3.664844	54.477394
			*MESH_VERTEX  153	-25.107285	8.437462	51.591999
			*MESH_VERTEX  154	-25.887589	15.400007	54.244919
			*MESH_VERTEX  155	-24.083055	18.384445	58.914658
			*MESH_VERTEX  156	-24.663795	10.080769	60.707157
			*MESH_VERTEX  157	-24.112072	6.692779	62.373997
			*MESH_VERTEX  158	-24.384930	4.353762	59.811512
			*MESH_VERTEX  159	-24.992640	8.653337	58.216999
			*MESH_VERTEX  160	-28.341080	7.229322	61.501663
			*MESH_VERTEX  161	-14.090913	12.310138	13.831894
			*MESH_VERTEX  162	-11.062591	19.541466	14.442688
			*MESH_VERTEX  163	-10.947016	17.590092	17.588890
			*MESH_VERTEX  164	-10.741406	14.040184	19.258102
			*MESH_VERTEX  165	-13.549059	11.139439	14.816895
			*MESH_VERTEX  166	-14.478899	9.853936	11.321487
			*MESH_VERTEX  167	-11.853208	11.862792	7.546707
			*MESH_VERTEX  168	-11.417797	16.797262	7.971695
			*MESH_VERTEX  169	-11.251962	19.369625	10.694626
			*MESH_VERTEX  170	-11.480027	14.957541	13.113441
			*MESH_VERTEX  171	-11.647780	13.521736	14.751740
			*MESH_VERTEX  172	-11.930850	12.972578	12.001427
			*MESH_VERTEX  173	-11.246875	13.091656	13.345039
			*MESH_VERTEX  174	-23.666288	13.258690	14.997398
			*MESH_VERTEX  175	-25.292044	20.632349	16.223892
			*MESH_VERTEX  176	-25.134176	18.749163	19.562462
			*MESH_VERTEX  177	-25.767395	15.334899	21.489861
			*MESH_VERTEX  178	-24.415461	12.663674	18.507660
			*MESH_VERTEX  179	-23.987345	10.909032	13.227554
			*MESH_VERTEX  180	-26.981754	12.955160	9.652206
			*MESH_VERTEX  181	-26.441418	17.853724	9.897766
			*MESH_VERTEX  182	-25.675985	20.507936	12.399040
			*MESH_VERTEX  183	-25.850788	16.034092	15.130577
			*MESH_VERTEX  184	-25.717237	14.622027	16.792023
			*MESH_VERTEX  185	-25.992094	14.606017	13.843132
			*MESH_VERTEX  186	-28.435863	14.684072	15.980537
			*MESH_VERTEX  187	-28.464695	0.471092	141.029709
			*MESH_VERTEX  188	-16.810884	32.404995	148.211075
			*MESH_VERTEX  189	-28.192785	30.717352	142.878235
			*MESH_VERTEX  190	-28.434959	15.138983	159.392151
			*MESH_VERTEX  191	-25.936340	4.236362	153.748611
			*MESH_VERTEX  192	-20.228058	-1.220215	141.533020
			*MESH_VERTEX  193	-19.920692	31.010754	137.373886
			*MESH_VERTEX  194	-26.194254	27.149635	157.476532
			*MESH_VERTEX  195	-34.257797	5.571390	142.672089
			*MESH_VERTEX  196	-35.014454	25.502171	143.717361
			*MESH_VERTEX  197	-35.878014	14.908807	153.475555
			*MESH_VERTEX  198	-32.468742	4.373839	148.045319
			*MESH_VERTEX  199	-39.408604	15.213875	144.924652
			*MESH_VERTEX  200	-33.606339	26.279875	151.441650
			*MESH_VERTEX  201	-15.685604	4.846153	155.390259
			*MESH_VERTEX  202	-17.907709	14.411700	162.642822
			*MESH_VERTEX  203	-15.595538	19.680946	163.052124
			*MESH_VERTEX  204	-17.780695	9.017785	160.135651
			*MESH_VERTEX  205	-11.796042	25.281433	158.414932
			*MESH_VERTEX  206	-10.810512	27.300018	154.359177
			*MESH_VERTEX  207	-12.716436	31.383251	140.948120
			*MESH_VERTEX  208	-17.474108	3.596248	167.323578
			*MESH_VERTEX  209	-11.743699	31.729343	151.736023
			*MESH_VERTEX  210	-14.321651	-2.389441	155.252396
			*MESH_VERTEX  211	-15.639378	-2.964109	155.041321
			*MESH_VERTEX  212	-18.101244	12.906792	170.187897
			*MESH_VERTEX  213	-16.373117	21.144859	169.599045
			*MESH_VERTEX  214	-18.308323	3.684398	167.017334
			*MESH_VERTEX  215	-13.656200	29.341043	165.129929
			*MESH_VERTEX  216	-12.509568	29.076256	165.479202
			*MESH_VERTEX  217	-15.318320	20.713415	169.969955
			*MESH_VERTEX  218	-16.911390	12.572771	170.565155
			*MESH_VERTEX  219	-10.315695	31.310612	151.933990
			*MESH_VERTEX  220	-13.114000	33.408634	158.586731
			*MESH_VERTEX  221	-16.164745	-2.459152	161.103516
			*MESH_VERTEX  222	-17.158695	-2.708450	160.717621
			*MESH_VERTEX  223	-11.906064	33.001217	158.962067
			*MESH_VERTEX  224	-31.015526	0.484194	152.669754
			*MESH_VERTEX  225	-29.932058	5.373873	149.127167
			*MESH_VERTEX  226	-29.080513	6.514007	151.500854
			*MESH_VERTEX  227	-26.796061	4.942640	151.421600
			*MESH_VERTEX  228	-27.648500	3.802332	149.048706
			*MESH_VERTEX  229	-35.592686	14.352328	159.397446
			*MESH_VERTEX  230	-33.055019	15.138600	153.430573
			*MESH_VERTEX  231	-31.771902	17.011110	154.810471
			*MESH_VERTEX  232	-30.053486	15.229650	156.107391
			*MESH_VERTEX  233	-31.517246	13.268993	154.551666
			*MESH_VERTEX  234	-32.775841	29.121807	156.226486
			*MESH_VERTEX  235	-31.341314	25.532701	152.433319
			*MESH_VERTEX  236	-29.239485	27.224623	152.393250
			*MESH_VERTEX  237	-27.646713	26.260046	155.033249
			*MESH_VERTEX  238	-30.408241	24.411121	154.698563
			*MESH_VERTEX  239	-30.550993	8.474998	90.066879
			*MESH_VERTEX  240	-26.619663	9.114151	90.363480
			*MESH_VERTEX  241	-20.535515	5.439033	92.713188
			*MESH_VERTEX  242	-31.230019	1.396930	91.932091
			*MESH_VERTEX  243	-28.244234	-1.478237	93.623901
			*MESH_VERTEX  244	-22.080956	0.229220	95.027359
			*MESH_VERTEX  245	-35.805733	17.272390	111.931953
			*MESH_VERTEX  246	-30.346992	22.184490	110.639938
			*MESH_VERTEX  247	-19.419987	15.006431	112.529877
			*MESH_VERTEX  248	-23.950687	21.010838	111.095024
			*MESH_VERTEX  249	-31.427361	4.752074	115.291084
			*MESH_VERTEX  250	-26.270739	3.856406	113.674202
			*MESH_VERTEX  251	-20.250828	7.361434	112.905411
			*MESH_VERTEX  252	-35.955849	10.626918	112.785675
			*MESH_VERTEX  253	-33.777382	18.205460	122.453629
			*MESH_VERTEX  254	-30.263762	22.032635	122.614273
			*MESH_VERTEX  255	-20.820749	15.970499	119.727562
			*MESH_VERTEX  256	-24.579914	21.374159	122.414520
			*MESH_VERTEX  257	-34.154156	11.769464	123.254593
			*MESH_VERTEX  258	-25.506475	8.232040	120.152145
			*MESH_VERTEX  259	-20.130398	10.880799	119.806625
			*MESH_VERTEX  260	-33.430317	17.163614	119.526169
			*MESH_VERTEX  261	-30.337904	20.726175	119.044037
			*MESH_VERTEX  262	-24.313614	21.211468	119.536293
			*MESH_VERTEX  263	-34.048157	11.569991	120.360374
			*MESH_VERTEX  264	-24.140051	5.620985	144.461441
			*MESH_VERTEX  265	-31.016243	23.139202	144.749435
			*MESH_VERTEX  266	-19.973394	22.854641	139.862076
			*MESH_VERTEX  267	-21.679665	6.134037	143.537659
			*MESH_VERTEX  268	-32.325535	12.164876	145.431381
			*MESH_VERTEX  269	-23.231386	28.610367	141.463364
			*MESH_VERTEX  270	-24.182728	3.817936	132.670853
			*MESH_VERTEX  271	-35.449558	19.435236	133.118973
			*MESH_VERTEX  272	-20.297031	24.608591	134.376556
			*MESH_VERTEX  273	-18.498302	16.189959	134.185699
			*MESH_VERTEX  274	-17.579266	7.017851	132.332535
			*MESH_VERTEX  275	-20.094223	11.146509	133.731216
			*MESH_VERTEX  276	-34.518845	9.890396	134.052002
			*MESH_VERTEX  277	-29.899874	25.624903	133.100082
			*MESH_VERTEX  278	-25.112322	6.609879	124.695778
			*MESH_VERTEX  279	-19.164951	17.116737	125.683907
			*MESH_VERTEX  280	-18.639328	10.215666	124.710762
			*MESH_VERTEX  281	-24.161144	6.963147	81.321220
			*MESH_VERTEX  282	-14.587869	0.169506	89.090210
			*MESH_VERTEX  283	-31.185946	-0.182394	79.504990
			*MESH_VERTEX  284	-23.876406	-8.347405	83.203773
			*MESH_VERTEX  285	-19.954205	-5.468489	85.704079
			*MESH_VERTEX  286	-26.258018	6.869785	86.124481
			*MESH_VERTEX  287	-18.168102	-3.598363	91.291008
			*MESH_VERTEX  288	-30.177753	5.997142	84.763428
			*MESH_VERTEX  289	-16.636534	-2.110342	79.021645
			*MESH_VERTEX  290	-23.965143	4.700880	76.611206
			*MESH_VERTEX  291	-19.849739	-6.666964	79.581581
			*MESH_VERTEX  292	-28.170364	1.313315	76.517441
			*MESH_VERTEX  293	-15.698341	-5.933963	87.373512
			*MESH_VERTEX  294	-13.747080	-2.936353	85.456902
			*MESH_VERTEX  295	-18.511549	-5.170590	79.480850
			*MESH_VERTEX  296	-16.175713	-6.463783	78.761948
			*MESH_VERTEX  297	-15.004398	-3.429076	77.963081
			*MESH_VERTEX  298	-15.976615	-0.348725	83.868034
			*MESH_VERTEX  299	-11.267220	-7.448542	57.178047
			*MESH_VERTEX  300	-18.257359	-7.135116	57.699387
			*MESH_VERTEX  301	-6.592178	16.820505	48.306404
			*MESH_VERTEX  302	-13.299799	15.730252	19.156036
			*MESH_VERTEX  303	-23.591124	13.822716	19.941483
			*MESH_VERTEX  304	-24.165203	17.172501	50.196335
			*MESH_VERTEX  305	-15.086187	22.117685	18.193497
			*MESH_VERTEX  306	-15.017304	23.349630	50.111519
			*MESH_VERTEX  307	-20.376545	8.478612	19.709263
			*MESH_VERTEX  308	-23.248899	8.542363	50.475998
			*MESH_VERTEX  309	-7.477814	10.512116	48.657764
			*MESH_VERTEX  310	-16.043671	8.981476	19.364212
			*MESH_VERTEX  311	-13.112834	16.171011	12.678040
			*MESH_VERTEX  312	-25.142237	16.714846	14.270897
			*MESH_VERTEX  313	-18.288279	23.501940	13.612526
			*MESH_VERTEX  314	-19.261734	7.280088	14.375168
			*MESH_VERTEX  315	-19.056911	6.510425	83.533409
			*MESH_VERTEX  316	-13.303192	16.601475	81.939644
			*MESH_VERTEX  317	-0.476376	6.942756	80.989426
			*MESH_VERTEX  318	-5.884218	-3.601850	81.834564
			*MESH_VERTEX  319	-14.921793	-2.689101	82.783096
			*MESH_VERTEX  320	-5.488993	15.490419	81.062325
			*MESH_VERTEX  321	-22.206688	7.116053	59.780743
			*MESH_VERTEX  322	-17.622370	16.715744	61.997826
			*MESH_VERTEX  323	-9.856771	16.371101	60.718185
			*MESH_VERTEX  324	-4.881413	7.592897	57.864063
			*MESH_VERTEX  325	-9.362166	-5.371873	64.784233
			*MESH_VERTEX  326	-18.785717	-5.038531	65.755600
			*MESH_VERTEX  327	-11.835726	0.013904	49.368370
			*MESH_VERTEX  328	-19.789585	0.141088	50.389668
			*MESH_VERTEX  329	-20.411747	22.409893	18.475525
			*MESH_VERTEX  330	-18.615387	-2.508487	65.774605
			*MESH_VERTEX  331	-9.165138	-2.877044	65.076118
			*MESH_VERTEX  332	-15.414987	0.910604	8.178360
			*MESH_VERTEX  333	-19.360710	-10.639406	5.280579
			*MESH_VERTEX  334	-19.583336	-11.940602	-0.294945
			*MESH_VERTEX  335	-27.311754	-5.540136	-0.074707
			*MESH_VERTEX  336	-24.945347	2.004686	8.327751
			*MESH_VERTEX  337	-25.709545	19.927315	-1.039215
			*MESH_VERTEX  338	-15.578270	18.921185	-1.237587
			*MESH_VERTEX  339	-15.476713	-9.251237	-0.645668
			*MESH_VERTEX  340	-29.039371	3.684744	-0.848267
