*3DSMAX_ASCIIEXPORT	108
*COMMENT " [Zengine ASC Exporter v1.08] AsciiExport Version  1,08 - Tue Feb 26 11:35:32 2002"
*SCENE {
	*SCENE_FILENAME "Knecht.max"
	*SCENE_FIRSTFRAME 0
	*SCENE_LASTFRAME 100
	*SCENE_FRAMESPEED 25
	*SCENE_TICKSPERFRAME 192
	*SCENE_BACKGROUND_STATIC 0.000000	0.000000	0.000000
	*SCENE_AMBIENT_STATIC 1.000000	1.000000	1.000000
}
*MATERIAL_LIST {
	*MATERIAL_COUNT 2
	*MATERIAL 0 {
		*MATERIAL_NAME "Naked;UARMR"
		*MATERIAL_CLASS "Standard"
		*MATERIAL_AMBIENT 0.047059	0.047059	0.047059
		*MATERIAL_DIFFUSE 0.270588	0.270588	0.270588
		*MATERIAL_SPECULAR 0.900000	0.900000	0.900000
		*MATERIAL_SHINE 0.000000
		*MATERIAL_SHINESTRENGTH 0.000000
		*MATERIAL_TRANSPARENCY 0.000000
		*MATERIAL_WIRESIZE 1.000000
		*MATERIAL_SHADING Blinn
		*MATERIAL_XP_FALLOFF 0.000000
		*MATERIAL_SELFILLUM 0.000000
		*MATERIAL_FALLOFF In
		*MATERIAL_XP_TYPE Filter
		*MAP_DIFFUSE {
			*MAP_NAME "UpperArmR"
			*MAP_CLASS "Bitmap"
			*MAP_SUBNO 1
			*MAP_AMOUNT 1.000000
			*BITMAP "Hum_Head_VLK_V02_C1.tga"
			*MAP_TYPE Screen
			*UVW_U_OFFSET 0.000000
			*UVW_V_OFFSET 0.000000
			*UVW_U_TILING 1.000000
			*UVW_V_TILING 1.000000
			*UVW_ANGLE 0.000000
			*UVW_BLUR 1.000000
			*UVW_BLUR_OFFSET 0.000000
			*UVW_NOUSE_AMT 1.000000
			*UVW_NOISE_SIZE 1.000000
			*UVW_NOISE_LEVEL 1
			*UVW_NOISE_PHASE 0.000000
			*BITMAP_FILTER Pyramidal
		}
	}
	*MATERIAL 1 {
		*MATERIAL_NAME "Naked;NECK"
		*MATERIAL_CLASS "Multi/Sub-Object"
		*MATERIAL_AMBIENT 0.203922	0.164706	0.101961
		*MATERIAL_DIFFUSE 0.623529	0.580392	0.501961
		*MATERIAL_SPECULAR 0.900000	0.900000	0.900000
		*MATERIAL_SHINE 0.010000
		*MATERIAL_SHINESTRENGTH 0.000000
		*MATERIAL_TRANSPARENCY 0.000000
		*MATERIAL_WIRESIZE 1.000000
		*NUMSUBMTLS 2
		*SUBMATERIAL 0 {
			*MATERIAL_NAME "Material #334"
			*MATERIAL_CLASS "Standard"
			*MATERIAL_AMBIENT 0.203922	0.164706	0.101961
			*MATERIAL_DIFFUSE 0.623529	0.580392	0.501961
			*MATERIAL_SPECULAR 0.900000	0.900000	0.900000
			*MATERIAL_SHINE 0.000000
			*MATERIAL_SHINESTRENGTH 0.000000
			*MATERIAL_TRANSPARENCY 0.000000
			*MATERIAL_WIRESIZE 1.000000
			*MATERIAL_SHADING Blinn
			*MATERIAL_XP_FALLOFF 0.000000
			*MATERIAL_SELFILLUM 0.000000
			*MATERIAL_FALLOFF In
			*MATERIAL_XP_TYPE Filter
			*MAP_DIFFUSE {
				*MAP_NAME "Map #4"
				*MAP_CLASS "Bitmap"
				*MAP_SUBNO 1
				*MAP_AMOUNT 1.000000
				*BITMAP "Hum_Body_Naked_V0_C0.tga"
				*MAP_TYPE Screen
				*UVW_U_OFFSET 0.000000
				*UVW_V_OFFSET 0.000000
				*UVW_U_TILING 1.000000
				*UVW_V_TILING 1.000000
				*UVW_ANGLE 0.000000
				*UVW_BLUR 1.000000
				*UVW_BLUR_OFFSET 0.000000
				*UVW_NOUSE_AMT 1.000000
				*UVW_NOISE_SIZE 1.000000
				*UVW_NOISE_LEVEL 1
				*UVW_NOISE_PHASE 0.000000
				*BITMAP_FILTER Pyramidal
			}
		}
		*SUBMATERIAL 1 {
			*MATERIAL_NAME "Naked;NECK"
			*MATERIAL_CLASS "Standard"
			*MATERIAL_AMBIENT 0.000000	0.000000	0.000000
			*MATERIAL_DIFFUSE 0.588000	0.588000	0.588000
			*MATERIAL_SPECULAR 0.900000	0.900000	0.900000
			*MATERIAL_SHINE 0.100000
			*MATERIAL_SHINESTRENGTH 0.000000
			*MATERIAL_TRANSPARENCY 0.000000
			*MATERIAL_WIRESIZE 1.000000
			*MATERIAL_SHADING Blinn
			*MATERIAL_XP_FALLOFF 0.000000
			*MATERIAL_SELFILLUM 0.000000
			*MATERIAL_FALLOFF In
			*MATERIAL_XP_TYPE Filter
			*MAP_DIFFUSE {
				*MAP_NAME "Map #6"
				*MAP_CLASS "Bitmap"
				*MAP_SUBNO 1
				*MAP_AMOUNT 1.000000
				*BITMAP "Knecht.tga"
				*MAP_TYPE Screen
				*UVW_U_OFFSET 0.000000
				*UVW_V_OFFSET 0.000000
				*UVW_U_TILING 1.000000
				*UVW_V_TILING 1.000000
				*UVW_ANGLE 0.000000
				*UVW_BLUR 1.000000
				*UVW_BLUR_OFFSET 0.000000
				*UVW_NOUSE_AMT 1.000000
				*UVW_NOISE_SIZE 1.000000
				*UVW_NOISE_LEVEL 1
				*UVW_NOISE_PHASE 0.000000
				*BITMAP_FILTER Pyramidal
			}
		}
	}
}
*GEOMOBJECT {
	*NODE_NAME "Bip01"
	*NODE_TM {
		*NODE_NAME "Bip01"
		*TM_ROW0 0.024624	-0.993774	0.108663
		*TM_ROW1 0.999693	0.024771	-0.000000
		*TM_ROW2 -0.002692	0.108630	0.994079
		*TM_ROW3 0.143697	6.203871	100.621162
		*TM_POS 0.143697	6.203871	100.621162
		*TM_ROTAXIS 0.054328	0.055691	0.996969
		*TM_ROTANGLE 1.549058
		*TM_SCALE 1.000000	1.000000	1.000000
		*TM_SCALEAXIS 0.000000	-0.950111	0.311912
		*TM_SCALEAXISANG 0.065194
	}
	*WIREFRAME_COLOR 0.650980	0.792157	0.941177
}
*GEOMOBJECT {
	*NODE_NAME "Bip01 Footsteps"
	*NODE_PARENT "Bip01"
	*NODE_TM {
		*NODE_NAME "Bip01 Footsteps"
		*TM_ROW0 1.000000	0.000000	0.000000
		*TM_ROW1 0.000000	1.000000	0.000000
		*TM_ROW2 0.000000	0.000000	1.000000
		*TM_ROW3 0.143697	6.203871	-0.082873
		*TM_POS 0.143697	6.203871	-0.082873
		*TM_ROTAXIS 0.000000	0.000000	0.000000
		*TM_ROTANGLE 0.000000
		*TM_SCALE 1.000000	1.000000	1.000000
		*TM_SCALEAXIS 0.000000	0.000000	0.000000
		*TM_SCALEAXISANG 0.000000
	}
	*WIREFRAME_COLOR 0.650980	0.792157	0.941177
}
*GEOMOBJECT {
	*NODE_NAME "Bip01 Pelvis"
	*NODE_PARENT "Bip01"
	*NODE_TM {
		*NODE_NAME "Bip01 Pelvis"
		*TM_ROW0 -0.022491	0.108118	0.993884
		*TM_ROW1 0.024625	-0.993774	0.108663
		*TM_ROW2 0.999444	0.026919	0.019688
		*TM_ROW3 -0.144165	7.799950	100.445969
		*TM_POS -0.144165	7.799950	100.445969
		*TM_ROTAXIS -0.698797	-0.047531	-0.713740
		*TM_ROTANGLE 3.083070
		*TM_SCALE 1.000000	1.000000	1.000000
		*TM_SCALEAXIS 0.556063	0.716392	-0.421399
		*TM_SCALEAXISANG 0.033849
	}
	*WIREFRAME_COLOR 0.878431	0.776471	0.341176
}
*GEOMOBJECT {
	*NODE_NAME "Bip01 Spine"
	*NODE_PARENT "Bip01 Pelvis"
	*NODE_TM {
		*NODE_NAME "Bip01 Spine"
		*TM_ROW0 0.010437	-0.008259	0.999911
		*TM_ROW1 0.019587	-0.999772	-0.008462
		*TM_ROW2 0.999754	0.019674	-0.010273
		*TM_ROW3 -0.152782	8.149328	102.823303
		*TM_POS -0.152782	8.149328	102.823303
		*TM_ROTAXIS -0.710753	-0.003985	-0.703430
		*TM_ROTANGLE 3.161387
		*TM_SCALE 1.000000	1.000000	1.000000
		*TM_SCALEAXIS -0.000002	0.957276	-0.289177
		*TM_SCALEAXISANG 0.015427
	}
	*WIREFRAME_COLOR 0.031373	0.431373	0.525490
}
*GEOMOBJECT {
	*NODE_NAME "Bip01 Spine1"
	*NODE_PARENT "Bip01 Spine"
	*NODE_TM {
		*NODE_NAME "Bip01 Spine1"
		*TM_ROW0 0.011812	-0.003389	0.999925
		*TM_ROW1 0.017517	-0.999840	-0.003596
		*TM_ROW2 0.999777	0.017558	-0.011751
		*TM_ROW3 -0.050393	8.078348	112.649666
		*TM_POS -0.050393	8.078348	112.649666
		*TM_ROTAXIS -0.711252	-0.004966	-0.702920
		*TM_ROTANGLE 3.156464
		*TM_SCALE 1.000000	1.000000	1.000000
		*TM_SCALEAXIS -0.000000	0.419621	-0.907700
		*TM_SCALEAXISANG 0.046157
	}
	*WIREFRAME_COLOR 0.031373	0.431373	0.525490
}
*GEOMOBJECT {
	*NODE_NAME "Bip01 Spine2"
	*NODE_PARENT "Bip01 Spine1"
	*NODE_TM {
		*NODE_NAME "Bip01 Spine2"
		*TM_ROW0 0.011539	0.156128	0.987670
		*TM_ROW1 0.010668	-0.987698	0.156008
		*TM_ROW2 0.999876	0.008737	-0.013062
		*TM_ROW3 0.100428	8.058580	125.434776
		*TM_POS 0.100428	8.058580	125.434776
		*TM_ROTAXIS -0.710235	-0.058870	-0.701499
		*TM_ROTANGLE 3.037728
		*TM_SCALE 1.000000	1.000000	1.000000
		*TM_SCALEAXIS -0.092650	0.082962	-0.992237
		*TM_SCALEAXISANG 0.104662
	}
	*WIREFRAME_COLOR 0.031373	0.431373	0.525490
}
*GEOMOBJECT {
	*NODE_NAME "Bip01 Neck"
	*NODE_PARENT "Bip01 Spine2"
	*NODE_TM {
		*NODE_NAME "Bip01 Neck"
		*TM_ROW0 0.014493	-0.191101	0.981464
		*TM_ROW1 0.006078	-0.981532	-0.191204
		*TM_ROW2 0.999876	0.008737	-0.013063
		*TM_ROW3 0.446374	12.745265	155.050125
		*TM_POS 0.446374	12.745265	155.050125
		*TM_ROTAXIS -0.710481	0.065430	-0.700668
		*TM_ROTANGLE 3.282769
		*TM_SCALE 1.000000	1.000000	1.000000
		*TM_SCALEAXIS -0.300907	0.953653	-0.000001
		*TM_SCALEAXISANG 0.010587
	}
	*WIREFRAME_COLOR 0.031373	0.431373	0.525490
}
*GEOMOBJECT {
	*NODE_NAME "Bip01 Head"
	*NODE_PARENT "Bip01 Neck"
	*NODE_TM {
		*NODE_NAME "Bip01 Head"
		*TM_ROW0 -0.016420	-0.136856	0.990455
		*TM_ROW1 -0.040593	-0.989680	-0.137422
		*TM_ROW2 0.999041	-0.042462	0.010696
		*TM_ROW3 0.545492	11.438285	161.762573
		*TM_POS 0.545492	11.438285	161.762573
		*TM_ROTAXIS -0.700860	0.063370	-0.710478
		*TM_ROTANGLE 3.209390
		*TM_SCALE 1.000000	1.000000	1.000000
		*TM_SCALEAXIS -0.038668	0.346504	0.937251
		*TM_SCALEAXISANG 0.111166
	}
	*WIREFRAME_COLOR 0.694118	0.109804	0.584314
}
*HELPEROBJECT {
	*NODE_NAME "Dummy05"
	*NODE_PARENT "Bip01 Head"
	*HELPER_CLASS "Dummy"
	*NODE_TM {
		*NODE_NAME "Dummy05"
		*TM_ROW0 -0.016420	-0.136856	0.990455
		*TM_ROW1 -0.040593	-0.989680	-0.137422
		*TM_ROW2 0.999041	-0.042462	0.010696
		*TM_ROW3 0.175613	8.355520	184.073120
		*TM_POS 0.175613	8.355520	184.073120
		*TM_ROTAXIS -0.700860	0.063370	-0.710478
		*TM_ROTANGLE 3.209390
		*TM_SCALE 1.000000	1.000000	1.000000
		*TM_SCALEAXIS -0.038668	0.346504	0.937251
		*TM_SCALEAXISANG 0.111166
	}
	*BOUNDINGBOX_MIN -2.797914	5.063977	180.867249
	*BOUNDINGBOX_MAX 3.149139	11.647064	187.278992
}
*GEOMOBJECT {
	*NODE_NAME "_Head_N"
	*NODE_PARENT "Bip01 Head"
	*NODE_TM {
		*NODE_NAME "_Head_N"
		*TM_ROW0 23.757336	-0.286626	0.693162
		*TM_ROW1 0.251051	24.821243	1.659212
		*TM_ROW2 -0.722392	-1.603437	24.096180
		*TM_ROW3 -0.084546	8.753706	169.943130
		*TM_POS -0.084546	8.753706	169.943130
		*TM_ROTAXIS -0.903606	0.401087	0.150419
		*TM_ROTANGLE 0.073694
		*TM_SCALE 23.769175	24.877903	24.160271
		*TM_SCALEAXIS 0.000000	0.000000	0.000000
		*TM_SCALEAXISANG 0.000002
	}
	*MATERIAL_REF 0
}
*GEOMOBJECT {
	*NODE_NAME "Bip01 L Clavicle"
	*NODE_PARENT "Bip01 Neck"
	*NODE_TM {
		*NODE_NAME "Bip01 L Clavicle"
		*TM_ROW0 0.964434	0.054801	-0.258580
		*TM_ROW1 -0.097437	0.983087	-0.155068
		*TM_ROW2 0.245709	0.174748	0.953462
		*TM_ROW3 8.321103	14.412912	149.258469
		*TM_POS 8.321103	14.412912	149.258469
		*TM_ROTAXIS 0.530678	-0.811406	-0.244951
		*TM_ROTANGLE 0.315982
		*TM_SCALE 1.000000	1.000000	1.000000
		*TM_SCALEAXIS 0.382100	0.053503	0.922571
		*TM_SCALEAXISANG 0.058751
	}
	*WIREFRAME_COLOR 0.109804	0.109804	0.694118
}
*GEOMOBJECT {
	*NODE_NAME "Bip01 L UpperArm"
	*NODE_PARENT "Bip01 L Clavicle"
	*NODE_TM {
		*NODE_NAME "Bip01 L UpperArm"
		*TM_ROW0 0.111290	-0.034231	-0.993198
		*TM_ROW1 0.334842	0.942261	0.005044
		*TM_ROW2 0.935679	-0.333126	0.116326
		*TM_ROW3 21.173159	15.143185	145.812622
		*TM_POS 21.173159	15.143185	145.812622
		*TM_ROTAXIS -0.169698	-0.967937	0.185206
		*TM_ROTANGLE 1.485755
		*TM_SCALE 1.000000	1.000000	1.000000
		*TM_SCALEAXIS 0.733991	-0.679159	0.000000
		*TM_SCALEAXISANG 0.331690
	}
	*WIREFRAME_COLOR 0.109804	0.109804	0.694118
}
*GEOMOBJECT {
	*NODE_NAME "Bip01 L Forearm"
	*NODE_PARENT "Bip01 L UpperArm"
	*NODE_TM {
		*NODE_NAME "Bip01 L Forearm"
		*TM_ROW0 -0.036279	-0.418752	-0.907376
		*TM_ROW1 0.350982	0.844792	-0.403903
		*TM_ROW2 0.935679	-0.333126	0.116326
		*TM_ROW3 24.278843	14.187930	118.096214
		*TM_POS 24.278843	14.187930	118.096214
		*TM_ROTAXIS 0.035414	-0.922179	0.385139
		*TM_ROTANGLE 1.608386
		*TM_SCALE 1.000000	1.000000	1.000000
		*TM_SCALEAXIS -0.000000	-0.024691	-0.999695
		*TM_SCALEAXISANG 0.177314
	}
	*WIREFRAME_COLOR 0.109804	0.109804	0.694118
}
*GEOMOBJECT {
	*NODE_NAME "Bip01 L Hand"
	*NODE_PARENT "Bip01 L Forearm"
	*NODE_TM {
		*NODE_NAME "Bip01 L Hand"
		*TM_ROW0 -0.114926	-0.479701	-0.869873
		*TM_ROW1 -0.936279	0.344905	-0.066502
		*TM_ROW2 0.331925	0.806800	-0.488773
		*TM_ROW3 23.269693	2.539794	92.856369
		*TM_POS 23.269693	2.539794	92.856369
		*TM_ROTAXIS 0.561910	-0.773274	-0.293776
		*TM_ROTANGLE 2.251573
		*TM_SCALE 1.000000	1.000000	1.000000
		*TM_SCALEAXIS 0.000000	0.000000	0.000000
		*TM_SCALEAXISANG 0.000000
	}
	*WIREFRAME_COLOR 0.109804	0.109804	0.694118
}
*GEOMOBJECT {
	*NODE_NAME "Bip01 L Finger0"
	*NODE_PARENT "Bip01 L Hand"
	*NODE_TM {
		*NODE_NAME "Bip01 L Finger0"
		*TM_ROW0 -0.114926	-0.479701	-0.869873
		*TM_ROW1 -0.936543	0.344263	-0.066113
		*TM_ROW2 0.331179	0.807075	-0.488826
		*TM_ROW3 21.790609	-3.633893	81.661232
		*TM_POS 21.790609	-3.633893	81.661232
		*TM_ROTAXIS 0.562040	-0.773074	-0.294053
		*TM_ROTANGLE 2.252021
		*TM_SCALE 1.000000	1.000000	1.000000
		*TM_SCALEAXIS 0.000000	0.000000	0.000000
		*TM_SCALEAXISANG 0.000000
	}
	*WIREFRAME_COLOR 0.525490	0.023529	0.023529
}
*HELPEROBJECT {
	*NODE_NAME "Dummy02"
	*NODE_PARENT "Bip01 L Finger0"
	*HELPER_CLASS "Dummy"
	*NODE_TM {
		*NODE_NAME "Dummy02"
		*TM_ROW0 -0.114926	-0.479701	-0.869873
		*TM_ROW1 -0.936543	0.344263	-0.066113
		*TM_ROW2 0.331179	0.807075	-0.488826
		*TM_ROW3 21.531733	-4.714446	79.701797
		*TM_POS 21.531733	-4.714446	79.701797
		*TM_ROTAXIS 0.562040	-0.773074	-0.294053
		*TM_ROTANGLE 2.252021
		*TM_SCALE 1.000000	1.000000	1.000000
		*TM_SCALEAXIS 0.000000	0.000000	0.000000
		*TM_SCALEAXISANG 0.000000
	}
	*BOUNDINGBOX_MIN 20.774683	-5.542900	79.062721
	*BOUNDINGBOX_MAX 22.288782	-3.885991	80.340874
}
*GEOMOBJECT {
	*NODE_NAME "Bip01 R Clavicle"
	*NODE_PARENT "Bip01 Neck"
	*NODE_TM {
		*NODE_NAME "Bip01 R Clavicle"
		*TM_ROW0 -0.962764	0.061304	-0.263300
		*TM_ROW1 0.105528	0.981904	-0.157250
		*TM_ROW2 0.248896	-0.179180	-0.951812
		*TM_ROW3 -7.604901	14.273713	149.466522
		*TM_POS -7.604901	14.273713	149.466522
		*TM_ROTAXIS -0.042619	-0.995388	0.085944
		*TM_ROTANGLE 2.881381
		*TM_SCALE 1.000000	1.000000	1.000000
		*TM_SCALEAXIS -0.000000	-0.877646	0.479309
		*TM_SCALEAXISANG 0.172663
	}
	*WIREFRAME_COLOR 0.023529	0.525490	0.023529
}
*GEOMOBJECT {
	*NODE_NAME "Bip01 R UpperArm"
	*NODE_PARENT "Bip01 R Clavicle"
	*NODE_TM {
		*NODE_NAME "Bip01 R UpperArm"
		*TM_ROW0 -0.160603	-0.093218	-0.982607
		*TM_ROW1 -0.499574	0.866271	-0.000528
		*TM_ROW2 0.851253	0.490801	-0.185695
		*TM_ROW3 -20.434700	15.090648	145.957794
		*TM_POS -20.434700	15.090648	145.957794
		*TM_ROTAXIS 0.253061	-0.944540	-0.209296
		*TM_ROTANGLE 1.813176
		*TM_SCALE 1.000000	1.000000	1.000000
		*TM_SCALEAXIS -0.959951	0.280168	0.000000
		*TM_SCALEAXISANG 0.371561
	}
	*WIREFRAME_COLOR 0.023529	0.525490	0.023529
}
*GEOMOBJECT {
	*NODE_NAME "Bip01 R Forearm"
	*NODE_PARENT "Bip01 R UpperArm"
	*NODE_TM {
		*NODE_NAME "Bip01 R Forearm"
		*TM_ROW0 -0.032168	-0.304398	-0.952002
		*TM_ROW1 -0.523768	0.816368	-0.243332
		*TM_ROW2 0.851253	0.490801	-0.185695
		*TM_ROW3 -24.916515	12.489296	118.536934
		*TM_POS -24.916515	12.489296	118.536934
		*TM_ROTAXIS 0.374694	-0.920363	-0.111964
		*TM_ROTANGLE 1.772917
		*TM_SCALE 1.000000	1.000000	1.000000
		*TM_SCALEAXIS -0.997246	-0.074168	-0.000000
		*TM_SCALEAXISANG 0.365376
	}
	*WIREFRAME_COLOR 0.023529	0.525490	0.023529
}
*GEOMOBJECT {
	*NODE_NAME "Bip01 R Hand"
	*NODE_PARENT "Bip01 R Forearm"
	*NODE_TM {
		*NODE_NAME "Bip01 R Hand"
		*TM_ROW0 0.081071	-0.391256	-0.916704
		*TM_ROW1 0.854658	0.500506	-0.138035
		*TM_ROW2 0.512823	-0.772278	0.374966
		*TM_ROW3 -25.811296	4.022059	92.055763
		*TM_POS -25.811296	4.022059	92.055763
		*TM_ROTAXIS -0.317196	-0.714932	0.623104
		*TM_ROTANGLE 1.592526
		*TM_SCALE 1.000000	1.000000	1.000000
		*TM_SCALEAXIS -0.951334	0.000000	0.308163
		*TM_SCALEAXISANG 0.354138
	}
	*WIREFRAME_COLOR 0.023529	0.525490	0.023529
}
*GEOMOBJECT {
	*NODE_NAME "Bip01 R Finger0"
	*NODE_PARENT "Bip01 R Hand"
	*NODE_TM {
		*NODE_NAME "Bip01 R Finger0"
		*TM_ROW0 0.081071	-0.391256	-0.916704
		*TM_ROW1 0.855066	0.499891	-0.137737
		*TM_ROW2 0.512142	-0.772676	0.375076
		*TM_ROW3 -24.767920	-1.013343	80.257912
		*TM_POS -24.767920	-1.013343	80.257912
		*TM_ROTAXIS -0.317546	-0.714596	0.623311
		*TM_ROTANGLE 1.592779
		*TM_SCALE 1.000000	1.000000	1.000000
		*TM_SCALEAXIS -0.934906	-0.000000	0.354895
		*TM_SCALEAXISANG 0.285791
	}
	*WIREFRAME_COLOR 0.878431	0.776471	0.341176
}
*HELPEROBJECT {
	*NODE_NAME "Dummy01"
	*NODE_PARENT "Bip01 R Finger0"
	*HELPER_CLASS "Dummy"
	*NODE_TM {
		*NODE_NAME "Dummy01"
		*TM_ROW0 0.081071	-0.391256	-0.916704
		*TM_ROW1 0.855066	0.499891	-0.137737
		*TM_ROW2 -0.512142	0.772676	-0.375076
		*TM_ROW3 -24.585302	-1.894668	78.192986
		*TM_POS -24.585302	-1.894668	78.192986
		*TM_ROTAXIS -0.570588	0.253553	-0.781114
		*TM_ROTANGLE 2.217981
		*TM_SCALE 1.000000	1.000000	1.000000
		*TM_SCALEAXIS 0.934906	0.000000	0.354895
		*TM_SCALEAXISANG 0.285791
	}
	*BOUNDINGBOX_MIN -25.385666	-2.758186	77.560043
	*BOUNDINGBOX_MAX -23.784939	-1.031149	78.825928
}
*GEOMOBJECT {
	*NODE_NAME "Bip01 L Thigh"
	*NODE_PARENT "Bip01 Spine"
	*NODE_TM {
		*NODE_NAME "Bip01 L Thigh"
		*TM_ROW0 0.112168	-0.023375	-0.993414
		*TM_ROW1 0.054334	-0.998083	0.029620
		*TM_ROW2 -0.992203	-0.057299	-0.110683
		*TM_ROW3 8.861041	8.042474	100.623352
		*TM_POS 8.861041	8.042474	100.623352
		*TM_ROTAXIS -0.745457	-0.010392	0.666473
		*TM_ROTANGLE 3.083261
		*TM_SCALE 1.000000	1.000000	1.000000
		*TM_SCALEAXIS -0.502118	0.832700	-0.233426
		*TM_SCALEAXISANG 0.102437
	}
	*WIREFRAME_COLOR 0.109804	0.109804	0.694118
}
*GEOMOBJECT {
	*NODE_NAME "Bip01 L Calf"
	*NODE_PARENT "Bip01 L Thigh"
	*NODE_TM {
		*NODE_NAME "Bip01 L Calf"
		*TM_ROW0 0.096717	0.206155	-0.973728
		*TM_ROW1 0.078612	-0.976840	-0.199006
		*TM_ROW2 -0.992203	-0.057299	-0.110683
		*TM_ROW3 13.274284	7.122785	61.537636
		*TM_POS 13.274284	7.122785	61.537636
		*TM_ROTAXIS -0.739809	-0.096451	0.665867
		*TM_ROTANGLE 3.237512
		*TM_SCALE 1.000000	1.000000	1.000000
		*TM_SCALEAXIS -0.947640	0.319341	-0.000000
		*TM_SCALEAXISANG 0.067881
	}
	*WIREFRAME_COLOR 0.109804	0.109804	0.694118
}
*GEOMOBJECT {
	*NODE_NAME "Bip01 L Foot"
	*NODE_PARENT "Bip01 L Calf"
	*NODE_TM {
		*NODE_NAME "Bip01 L Foot"
		*TM_ROW0 -0.001620	0.046783	-0.998904
		*TM_ROW1 0.139798	-0.989085	-0.046550
		*TM_ROW2 -0.990179	-0.139720	-0.004938
		*TM_ROW3 18.022863	17.244520	13.729874
		*TM_POS 18.022863	17.244520	13.729874
		*TM_ROTAXIS -0.706147	-0.066128	0.704970
		*TM_ROTANGLE 3.075574
		*TM_SCALE 1.000000	1.000000	1.000000
		*TM_SCALEAXIS 0.000001	0.864361	-0.502871
		*TM_SCALEAXISANG 0.094356
	}
	*WIREFRAME_COLOR 0.109804	0.109804	0.694118
}
*GEOMOBJECT {
	*NODE_NAME "Bip01 L Toe0"
	*NODE_PARENT "Bip01 L Foot"
	*NODE_TM {
		*NODE_NAME "Bip01 L Toe0"
		*TM_ROW0 0.139798	-0.989085	-0.046550
		*TM_ROW1 0.001620	-0.046783	0.998904
		*TM_ROW2 -0.990179	-0.139720	-0.004938
		*TM_ROW3 21.167963	-4.561437	0.062918
		*TM_POS 21.167963	-4.561437	0.062918
		*TM_ROTAXIS -0.639677	0.530129	0.556576
		*TM_ROTANGLE 2.044249
		*TM_SCALE 1.000000	1.000000	1.000000
		*TM_SCALEAXIS 0.864361	0.000001	-0.502871
		*TM_SCALEAXISANG 0.094356
	}
	*WIREFRAME_COLOR 0.423529	0.031373	0.533333
}
*HELPEROBJECT {
	*NODE_NAME "Dummy04"
	*NODE_PARENT "Bip01 L Toe0"
	*HELPER_CLASS "Dummy"
	*NODE_TM {
		*NODE_NAME "Dummy04"
		*TM_ROW0 0.139798	-0.989085	-0.046550
		*TM_ROW1 0.001620	-0.046783	0.998904
		*TM_ROW2 0.990179	0.139720	0.004938
		*TM_ROW3 21.356905	-5.898218	0.000005
		*TM_POS 21.356905	-5.898218	0.000005
		*TM_ROTAXIS -0.513966	-0.620173	0.592642
		*TM_ROTANGLE 4.131250
		*TM_SCALE 1.000000	1.000000	1.000000
		*TM_SCALEAXIS -0.864361	-0.000001	-0.502871
		*TM_SCALEAXISANG 0.094356
	}
	*BOUNDINGBOX_MIN 20.990303	-6.184031	-0.349662
	*BOUNDINGBOX_MAX 21.723507	-5.612405	0.349671
}
*GEOMOBJECT {
	*NODE_NAME "Bip01 R Thigh"
	*NODE_PARENT "Bip01 Spine"
	*NODE_TM {
		*NODE_NAME "Bip01 R Thigh"
		*TM_ROW0 -0.126005	0.029127	-0.991602
		*TM_ROW1 -0.073200	-0.997117	-0.019987
		*TM_ROW2 -0.989325	0.070066	0.127773
		*TM_ROW3 -9.149371	7.557418	100.268585
		*TM_POS -9.149371	7.557418	100.268585
		*TM_ROTAXIS 0.660562	-0.016700	-0.750586
		*TM_ROTANGLE 3.073375
		*TM_SCALE 1.000000	1.000000	1.000000
		*TM_SCALEAXIS 0.657225	-0.753695	-0.000000
		*TM_SCALEAXISANG 0.142899
	}
	*WIREFRAME_COLOR 0.023529	0.525490	0.023529
}
*GEOMOBJECT {
	*NODE_NAME "Bip01 R Calf"
	*NODE_PARENT "Bip01 R Thigh"
	*NODE_TM {
		*NODE_NAME "Bip01 R Calf"
		*TM_ROW0 -0.113947	0.174619	-0.978021
		*TM_ROW1 -0.090838	-0.982140	-0.164771
		*TM_ROW2 -0.989325	0.070066	0.127773
		*TM_ROW3 -14.107005	8.703403	61.254169
		*TM_POS -14.107005	8.703403	61.254169
		*TM_ROTAXIS 0.662253	0.031880	-0.748602
		*TM_ROTANGLE 2.963348
		*TM_SCALE 1.000000	1.000000	1.000000
		*TM_SCALEAXIS 0.998681	-0.004487	0.051146
		*TM_SCALEAXISANG 0.166885
	}
	*WIREFRAME_COLOR 0.023529	0.525490	0.023529
}
*GEOMOBJECT {
	*NODE_NAME "Bip01 R Foot"
	*NODE_PARENT "Bip01 R Calf"
	*NODE_TM {
		*NODE_NAME "Bip01 R Foot"
		*TM_ROW0 -0.018389	0.028688	-0.999419
		*TM_ROW1 -0.089759	-0.995599	-0.026927
		*TM_ROW2 -0.995794	0.089212	0.020883
		*TM_ROW3 -19.701513	17.276789	13.235633
		*TM_POS -19.701513	17.276789	13.235633
		*TM_ROTAXIS 0.699947	-0.021850	-0.713860
		*TM_ROTANGLE 3.058535
		*TM_SCALE 1.000000	1.000000	1.000000
		*TM_SCALEAXIS 0.772346	0.000000	-0.635202
		*TM_SCALEAXISANG 0.133469
	}
	*WIREFRAME_COLOR 0.023529	0.525490	0.023529
}
*GEOMOBJECT {
	*NODE_NAME "Bip01 R Toe0"
	*NODE_PARENT "Bip01 R Foot"
	*NODE_TM {
		*NODE_NAME "Bip01 R Toe0"
		*TM_ROW0 -0.089759	-0.995599	-0.026927
		*TM_ROW1 0.018389	-0.028688	0.999419
		*TM_ROW2 -0.995794	0.089212	0.020883
		*TM_ROW3 -21.966187	-4.905147	0.006498
		*TM_POS -21.966187	-4.905147	0.006498
		*TM_ROTAXIS 0.544405	-0.579490	-0.606477
		*TM_ROTANGLE 4.131482
		*TM_SCALE 1.000000	1.000000	1.000000
		*TM_SCALEAXIS 0.000001	-0.772346	-0.635202
		*TM_SCALEAXISANG 0.133469
	}
	*WIREFRAME_COLOR 0.443137	0.525490	0.023529
}
*HELPEROBJECT {
	*NODE_NAME "Dummy03"
	*NODE_PARENT "Bip01 R Toe0"
	*HELPER_CLASS "Dummy"
	*NODE_TM {
		*NODE_NAME "Dummy03"
		*TM_ROW0 -0.089759	-0.995599	-0.026927
		*TM_ROW1 0.018389	-0.028688	0.999419
		*TM_ROW2 -0.995794	0.089212	0.020883
		*TM_ROW3 -22.087498	-6.250732	-0.029895
		*TM_POS -22.087498	-6.250732	-0.029895
		*TM_ROTAXIS 0.544405	-0.579490	-0.606477
		*TM_ROTANGLE 4.131482
		*TM_SCALE 1.000000	1.000000	1.000000
		*TM_SCALEAXIS 0.000001	-0.772346	-0.635202
		*TM_SCALEAXISANG 0.133469
	}
	*BOUNDINGBOX_MIN -22.450392	-6.514832	-0.380703
	*BOUNDINGBOX_MAX -21.724604	-5.986631	0.320914
}
*GEOMOBJECT {
	*NODE_NAME "zm_Knecht"
	*NODE_TM {
		*NODE_NAME "zm_Knecht"
		*TM_ROW0 -0.000001	-0.000000	1.000000
		*TM_ROW1 0.000003	-1.000000	-0.000000
		*TM_ROW2 1.000000	0.000003	0.000001
		*TM_ROW3 0.000000	1.456082	83.813286
		*TM_POS 0.000000	1.456082	83.813286
		*TM_ROTAXIS -0.707106	-0.000001	-0.707107
		*TM_ROTANGLE 3.141595
		*TM_SCALE 1.000000	1.000000	1.000000
		*TM_SCALEAXIS 0.000000	0.000000	0.000000
		*TM_SCALEAXISANG 0.000000
	}
	*MATERIAL_REF 1
	*MESH_SOFTSKIN {
		*TIMEVALUE 0
		*MESH_NUMVERTEX 427
		*MESH_NUMFACES 832
		*MESH_VERTEX_LIST {
			*MESH_VERTEX    0	-16.260429	8.555115	110.053314
			*MESH_VERTEX    1	0.187366	-5.631829	109.778267
			*MESH_VERTEX    2	-0.278714	19.478844	110.337357
			*MESH_VERTEX    3	-11.200018	-2.430851	110.118156
			*MESH_VERTEX    4	-10.333506	16.559345	110.139801
			*MESH_VERTEX    5	16.067774	10.327334	110.041351
			*MESH_VERTEX    6	11.808661	-1.075727	110.089211
			*MESH_VERTEX    7	9.289085	17.659245	110.072624
			*MESH_VERTEX    8	-15.509350	8.609399	115.887787
			*MESH_VERTEX    9	0.247378	-5.066567	115.918869
			*MESH_VERTEX   10	-0.172685	18.744471	115.596733
			*MESH_VERTEX   11	-10.756830	-1.756541	115.963997
			*MESH_VERTEX   12	-9.762965	16.064140	115.715660
			*MESH_VERTEX   13	15.491600	10.630210	115.574364
			*MESH_VERTEX   14	11.276657	-0.869837	115.748375
			*MESH_VERTEX   15	8.751358	17.281811	115.526337
			*MESH_VERTEX   16	-10.931858	-2.940539	55.302864
			*MESH_VERTEX   17	-19.265961	-3.019166	56.176735
			*MESH_VERTEX   18	-6.575535	16.374882	43.693649
			*MESH_VERTEX   19	-10.330732	11.270836	32.293373
			*MESH_VERTEX   20	-21.871994	12.878251	33.675125
			*MESH_VERTEX   21	-23.372877	15.861144	45.593918
			*MESH_VERTEX   22	-13.995127	20.053484	32.776665
			*MESH_VERTEX   23	-14.106979	20.891478	47.236519
			*MESH_VERTEX   24	-18.645073	6.324571	31.804445
			*MESH_VERTEX   25	-24.373367	9.431740	44.893627
			*MESH_VERTEX   26	-6.402547	9.762839	41.776779
			*MESH_VERTEX   27	-14.443249	6.420637	31.369404
			*MESH_VERTEX   28	-21.513338	7.897899	86.621071
			*MESH_VERTEX   29	-12.052604	18.140169	84.969955
			*MESH_VERTEX   30	-0.683496	4.736897	83.550697
			*MESH_VERTEX   31	-6.991330	-4.576358	85.411186
			*MESH_VERTEX   32	-15.681007	-3.698456	87.335793
			*MESH_VERTEX   33	-3.728665	17.207115	84.635422
			*MESH_VERTEX   34	-22.989618	8.550248	61.524376
			*MESH_VERTEX   35	-18.718224	16.169165	61.774483
			*MESH_VERTEX   36	-9.216232	16.281620	60.700584
			*MESH_VERTEX   37	-3.297554	8.920988	59.973972
			*MESH_VERTEX   38	-9.716527	-5.683167	61.391113
			*MESH_VERTEX   39	-18.253134	-5.783978	62.455975
			*MESH_VERTEX   40	-13.108736	-0.501570	40.854538
			*MESH_VERTEX   41	-19.108875	-1.443199	42.198376
			*MESH_VERTEX   42	-18.697657	19.963779	33.250122
			*MESH_VERTEX   43	10.416348	-2.849785	55.836502
			*MESH_VERTEX   44	18.893400	-2.479171	57.089256
			*MESH_VERTEX   45	6.138183	16.055038	44.478401
			*MESH_VERTEX   46	10.374156	13.042892	32.360935
			*MESH_VERTEX   47	22.460466	13.366319	34.002644
			*MESH_VERTEX   48	23.342632	16.829094	45.725166
			*MESH_VERTEX   49	12.770552	20.085320	33.488396
			*MESH_VERTEX   50	15.924953	21.307579	47.689720
			*MESH_VERTEX   51	19.493124	6.598655	32.030293
			*MESH_VERTEX   52	24.295197	10.411995	45.807915
			*MESH_VERTEX   53	5.724215	9.810278	42.374966
			*MESH_VERTEX   54	15.175298	6.493421	31.396765
			*MESH_VERTEX   55	20.691626	7.045827	87.182144
			*MESH_VERTEX   56	11.874393	17.555683	85.526878
			*MESH_VERTEX   57	6.600113	-4.691439	86.162262
			*MESH_VERTEX   58	15.303372	-2.998337	87.957283
			*MESH_VERTEX   59	3.122323	17.446646	84.898026
			*MESH_VERTEX   60	22.278084	9.252771	61.955124
			*MESH_VERTEX   61	17.696587	16.700752	62.163490
			*MESH_VERTEX   62	8.243839	16.342934	61.080227
			*MESH_VERTEX   63	3.816660	8.668602	60.418480
			*MESH_VERTEX   64	9.782887	-5.576191	61.706783
			*MESH_VERTEX   65	18.086540	-5.258896	62.792248
			*MESH_VERTEX   66	13.135075	-0.164797	41.304153
			*MESH_VERTEX   67	19.205391	-0.574303	43.034222
			*MESH_VERTEX   68	18.548798	20.257618	34.203522
			*MESH_VERTEX   69	-0.071647	9.119021	90.265755
			*MESH_VERTEX   70	-13.923908	-2.141101	99.480537
			*MESH_VERTEX   71	-0.497072	22.151834	92.059517
			*MESH_VERTEX   72	-19.476700	9.521074	99.549225
			*MESH_VERTEX   73	-10.172690	20.416201	103.148445
			*MESH_VERTEX   74	-1.630684	-4.798631	92.477432
			*MESH_VERTEX   75	-4.716597	20.399946	88.013428
			*MESH_VERTEX   76	13.564628	-2.246603	100.744019
			*MESH_VERTEX   77	18.809078	8.750896	100.249969
			*MESH_VERTEX   78	9.790486	19.697838	102.980835
			*MESH_VERTEX   79	1.768876	-4.818983	92.659149
			*MESH_VERTEX   80	3.948870	20.015404	87.966713
			*MESH_VERTEX   81	-0.477097	22.252184	103.375191
			*MESH_VERTEX   82	-12.992082	17.820009	90.664917
			*MESH_VERTEX   83	12.790761	17.879095	91.014496
			*MESH_VERTEX   84	17.423660	13.011634	92.132858
			*MESH_VERTEX   85	-17.839476	12.668677	91.432945
			*MESH_VERTEX   86	13.559125	17.307259	97.030441
			*MESH_VERTEX   87	7.225950	21.136723	96.772324
			*MESH_VERTEX   88	-14.929931	16.243427	96.578354
			*MESH_VERTEX   89	-8.114664	21.808764	96.897659
			*MESH_VERTEX   90	-0.514662	22.863644	97.783676
			*MESH_VERTEX   91	-4.537096	-2.923108	94.329880
			*MESH_VERTEX   92	4.375355	-3.330608	94.694023
			*MESH_VERTEX   93	21.900251	6.493176	145.275299
			*MESH_VERTEX   94	17.587984	20.664227	150.831070
			*MESH_VERTEX   95	19.464043	24.238871	142.414551
			*MESH_VERTEX   96	22.131212	12.129490	154.368027
			*MESH_VERTEX   97	17.901752	3.859214	140.219940
			*MESH_VERTEX   98	20.077522	16.643530	138.171432
			*MESH_VERTEX   99	19.013336	10.406727	137.857529
			*MESH_VERTEX  100	-20.558334	6.305583	145.222504
			*MESH_VERTEX  101	-15.965958	21.267752	149.525894
			*MESH_VERTEX  102	-19.427876	24.482996	142.718033
			*MESH_VERTEX  103	-21.244223	11.752161	154.679016
			*MESH_VERTEX  104	-17.119957	3.711665	140.336594
			*MESH_VERTEX  105	-19.674925	16.575918	138.565979
			*MESH_VERTEX  106	-18.388372	10.361493	138.169800
			*MESH_VERTEX  107	18.777321	6.837860	148.989792
			*MESH_VERTEX  108	-12.074875	-1.194824	140.711319
			*MESH_VERTEX  109	-5.492368	10.956245	156.618027
			*MESH_VERTEX  110	-6.697393	16.571955	157.029144
			*MESH_VERTEX  111	0.292383	22.292597	138.953400
			*MESH_VERTEX  112	-14.499413	21.100479	140.567093
			*MESH_VERTEX  113	0.519214	3.861213	151.022980
			*MESH_VERTEX  114	0.724251	16.161673	168.699539
			*MESH_VERTEX  115	-2.907790	15.214439	168.057404
			*MESH_VERTEX  116	-4.598613	7.217520	163.009735
			*MESH_VERTEX  117	0.466610	-4.444309	140.155869
			*MESH_VERTEX  118	-15.674439	5.889819	151.653351
			*MESH_VERTEX  119	0.243648	5.674604	162.255035
			*MESH_VERTEX  120	0.462504	18.816183	156.907669
			*MESH_VERTEX  121	-6.082109	10.517046	165.105972
			*MESH_VERTEX  122	13.263420	-1.616039	140.821106
			*MESH_VERTEX  123	6.707450	11.284110	156.528870
			*MESH_VERTEX  124	7.791659	16.961105	156.923111
			*MESH_VERTEX  125	16.091413	21.298893	140.910721
			*MESH_VERTEX  126	4.397963	14.661285	168.112366
			*MESH_VERTEX  127	5.126216	6.662326	163.322586
			*MESH_VERTEX  128	6.853953	9.633310	165.306686
			*MESH_VERTEX  129	0.017277	-6.778831	127.527367
			*MESH_VERTEX  130	-14.022045	20.063091	126.805443
			*MESH_VERTEX  131	-17.580883	8.884252	125.642319
			*MESH_VERTEX  132	-12.092585	-3.235429	127.816803
			*MESH_VERTEX  133	-0.225572	21.855927	126.185425
			*MESH_VERTEX  134	13.789389	20.800568	126.555222
			*MESH_VERTEX  135	18.143291	9.974958	125.457428
			*MESH_VERTEX  136	12.558256	-2.583907	127.448044
			*MESH_VERTEX  137	4.389816	17.052473	45.732586
			*MESH_VERTEX  138	6.790936	14.850819	31.642965
			*MESH_VERTEX  139	25.006475	15.477939	33.365639
			*MESH_VERTEX  140	25.068954	17.800629	46.785107
			*MESH_VERTEX  141	11.294308	24.373573	33.144199
			*MESH_VERTEX  142	15.981481	23.149353	48.523865
			*MESH_VERTEX  143	21.025953	1.778576	31.665674
			*MESH_VERTEX  144	26.250185	10.042920	46.631084
			*MESH_VERTEX  145	3.875981	9.269475	43.714901
			*MESH_VERTEX  146	14.421362	1.526060	30.941265
			*MESH_VERTEX  147	12.432545	-1.826631	42.931892
			*MESH_VERTEX  148	20.252096	-2.143937	44.429630
			*MESH_VERTEX  149	19.502634	24.656975	33.840637
			*MESH_VERTEX  150	-4.902641	17.311920	44.606701
			*MESH_VERTEX  151	-7.136121	14.348421	31.577120
			*MESH_VERTEX  152	-25.857258	16.931717	33.295361
			*MESH_VERTEX  153	-24.948547	16.792200	46.260113
			*MESH_VERTEX  154	-12.165958	23.907555	32.580566
			*MESH_VERTEX  155	-14.015829	22.628727	47.470955
			*MESH_VERTEX  156	-20.439737	0.884234	31.459242
			*MESH_VERTEX  157	-26.223726	9.033854	45.496674
			*MESH_VERTEX  158	-4.620498	9.290524	43.049244
			*MESH_VERTEX  159	-12.755098	1.003590	30.953096
			*MESH_VERTEX  160	-12.349104	-2.059411	42.492924
			*MESH_VERTEX  161	-20.033962	-2.955221	43.507961
			*MESH_VERTEX  162	-20.294447	23.775913	33.237221
			*MESH_VERTEX  163	-13.536108	-2.666590	113.602058
			*MESH_VERTEX  164	-17.809385	8.508791	114.782394
			*MESH_VERTEX  165	-12.700642	20.661528	114.712509
			*MESH_VERTEX  166	-0.301684	22.940643	114.328461
			*MESH_VERTEX  167	13.953221	-1.740474	113.379585
			*MESH_VERTEX  168	17.810944	10.112114	114.528183
			*MESH_VERTEX  169	13.010395	21.716995	114.483528
			*MESH_VERTEX  170	0.296479	21.295889	149.412506
			*MESH_VERTEX  171	-8.129187	18.868643	155.465836
			*MESH_VERTEX  172	-10.123772	7.291432	154.109451
			*MESH_VERTEX  173	-10.194669	12.029396	156.645325
			*MESH_VERTEX  174	9.524804	19.206327	155.612167
			*MESH_VERTEX  175	11.730521	12.392447	156.765945
			*MESH_VERTEX  176	11.768871	7.727728	154.181580
			*MESH_VERTEX  177	0.346548	21.517647	153.288071
			*MESH_VERTEX  178	-8.057780	10.135472	158.605301
			*MESH_VERTEX  179	0.499026	20.150158	159.913361
			*MESH_VERTEX  180	8.243742	17.744545	160.234848
			*MESH_VERTEX  181	9.513984	10.475060	158.611099
			*MESH_VERTEX  182	6.885803	4.818425	151.331696
			*MESH_VERTEX  183	-5.092693	4.564077	151.241440
			*MESH_VERTEX  184	-6.889079	17.389332	160.202408
			*MESH_VERTEX  185	18.409214	7.209553	138.429108
			*MESH_VERTEX  186	24.502001	6.692193	141.916824
			*MESH_VERTEX  187	25.959723	21.023882	118.517105
			*MESH_VERTEX  188	27.633522	21.369667	146.743713
			*MESH_VERTEX  189	16.571877	13.387640	137.810699
			*MESH_VERTEX  190	27.519760	7.535293	145.579453
			*MESH_VERTEX  191	29.115967	18.647842	118.595123
			*MESH_VERTEX  192	19.370050	14.744101	118.753876
			*MESH_VERTEX  193	21.269667	20.493870	118.478416
			*MESH_VERTEX  194	27.921751	11.269650	119.211395
			*MESH_VERTEX  195	24.220596	9.581541	119.356819
			*MESH_VERTEX  196	19.924625	10.930836	119.128067
			*MESH_VERTEX  197	29.827477	12.543901	147.829895
			*MESH_VERTEX  198	29.406874	14.354632	118.917519
			*MESH_VERTEX  199	15.244381	19.404766	137.445221
			*MESH_VERTEX  200	23.316719	23.834923	131.540634
			*MESH_VERTEX  201	21.671278	24.538877	139.662018
			*MESH_VERTEX  202	15.881464	15.035108	129.575485
			*MESH_VERTEX  203	17.309443	13.524752	136.070526
			*MESH_VERTEX  204	30.662663	12.450922	141.281082
			*MESH_VERTEX  205	30.303036	13.110458	131.062988
			*MESH_VERTEX  206	28.454494	20.545187	131.475525
			*MESH_VERTEX  207	28.604179	20.992393	141.451523
			*MESH_VERTEX  208	27.469208	7.558164	140.288925
			*MESH_VERTEX  209	27.234522	8.654253	130.722687
			*MESH_VERTEX  210	23.225975	6.874856	138.625580
			*MESH_VERTEX  211	23.210211	7.978472	130.019806
			*MESH_VERTEX  212	19.129786	7.722158	136.720917
			*MESH_VERTEX  213	17.161299	9.899700	129.273636
			*MESH_VERTEX  214	16.624046	20.928741	130.200638
			*MESH_VERTEX  215	16.717430	19.818890	135.867722
			*MESH_VERTEX  216	25.070013	24.452518	119.442993
			*MESH_VERTEX  217	23.728746	25.139942	130.633804
			*MESH_VERTEX  218	16.498146	14.030457	119.105148
			*MESH_VERTEX  219	14.772811	15.107118	128.349731
			*MESH_VERTEX  220	31.086681	19.974888	119.339828
			*MESH_VERTEX  221	29.203522	21.482630	130.255798
			*MESH_VERTEX  222	19.117359	22.132301	118.626183
			*MESH_VERTEX  223	15.912109	21.980299	129.237244
			*MESH_VERTEX  224	31.532564	13.021518	129.872360
			*MESH_VERTEX  225	31.645569	14.009465	119.795914
			*MESH_VERTEX  226	28.359159	8.474989	129.545288
			*MESH_VERTEX  227	29.478745	9.457712	119.831627
			*MESH_VERTEX  228	23.454573	6.869652	128.609894
			*MESH_VERTEX  229	24.213484	7.117921	119.955521
			*MESH_VERTEX  230	16.226925	9.182873	128.003525
			*MESH_VERTEX  231	17.760084	9.488373	119.595802
			*MESH_VERTEX  232	28.980070	17.457872	115.795959
			*MESH_VERTEX  233	26.147276	19.595081	115.288918
			*MESH_VERTEX  234	19.927048	14.312507	116.639778
			*MESH_VERTEX  235	21.834854	19.084146	115.358536
			*MESH_VERTEX  236	27.668064	10.941585	117.763023
			*MESH_VERTEX  237	24.234758	9.305326	118.242836
			*MESH_VERTEX  238	20.329359	10.621166	117.798012
			*MESH_VERTEX  239	29.885015	14.967415	106.485878
			*MESH_VERTEX  240	25.954945	16.465748	106.051994
			*MESH_VERTEX  241	17.989952	12.382040	108.521904
			*MESH_VERTEX  242	20.091698	16.055042	106.764725
			*MESH_VERTEX  243	28.554579	6.987891	110.165909
			*MESH_VERTEX  244	23.885595	5.240304	111.217094
			*MESH_VERTEX  245	18.640846	6.890152	110.882187
			*MESH_VERTEX  246	29.171488	13.929382	116.918587
			*MESH_VERTEX  247	30.240849	10.726570	108.305664
			*MESH_VERTEX  248	25.416676	5.847157	91.018463
			*MESH_VERTEX  249	22.508591	6.367816	91.144981
			*MESH_VERTEX  250	20.440996	3.429233	92.654076
			*MESH_VERTEX  251	26.989632	2.226141	92.832809
			*MESH_VERTEX  252	25.308136	-0.605997	94.321289
			*MESH_VERTEX  253	21.657240	-1.196472	94.415787
			*MESH_VERTEX  254	20.450745	5.427546	84.795624
			*MESH_VERTEX  255	16.936916	-0.883590	90.420341
			*MESH_VERTEX  256	26.906525	0.659622	81.658249
			*MESH_VERTEX  257	23.054625	-7.637511	84.940491
			*MESH_VERTEX  258	20.272284	-5.450227	87.726524
			*MESH_VERTEX  259	22.458359	4.904462	87.613968
			*MESH_VERTEX  260	19.407648	-3.413962	92.012703
			*MESH_VERTEX  261	25.503223	4.328142	86.590164
			*MESH_VERTEX  262	16.095673	-5.250299	81.990303
			*MESH_VERTEX  263	20.830912	2.576458	79.631676
			*MESH_VERTEX  264	21.825289	-7.691188	83.514603
			*MESH_VERTEX  265	25.771166	0.903425	80.510590
			*MESH_VERTEX  266	17.860403	-5.916953	87.665321
			*MESH_VERTEX  267	15.424978	-4.242691	86.222939
			*MESH_VERTEX  268	19.107731	-5.540245	82.680275
			*MESH_VERTEX  269	17.077259	-3.940696	81.827667
			*MESH_VERTEX  270	17.912867	-7.039618	82.709999
			*MESH_VERTEX  271	-17.060387	7.559013	138.442749
			*MESH_VERTEX  272	-23.247871	6.387641	141.929138
			*MESH_VERTEX  273	-27.722338	18.905951	119.103874
			*MESH_VERTEX  274	-27.352816	20.889463	147.244476
			*MESH_VERTEX  275	-15.928677	13.937338	137.697998
			*MESH_VERTEX  276	-26.273367	6.939374	145.723511
			*MESH_VERTEX  277	-30.391876	16.022095	119.474007
			*MESH_VERTEX  278	-20.134844	13.881032	118.785934
			*MESH_VERTEX  279	-23.030704	19.205662	118.679108
			*MESH_VERTEX  280	-27.887886	8.969220	119.892441
			*MESH_VERTEX  281	-23.957731	7.939941	119.646088
			*MESH_VERTEX  282	-19.989128	10.022229	119.118599
			*MESH_VERTEX  283	-28.908186	11.784008	148.181198
			*MESH_VERTEX  284	-29.900196	11.751760	119.801109
			*MESH_VERTEX  285	-15.267395	20.094286	137.242996
			*MESH_VERTEX  286	-24.744255	22.744225	131.408890
			*MESH_VERTEX  287	-22.768185	24.257923	139.510651
			*MESH_VERTEX  288	-16.036833	15.237706	129.394882
			*MESH_VERTEX  289	-16.749882	14.014549	135.966644
			*MESH_VERTEX  290	-29.641825	11.054807	142.000671
			*MESH_VERTEX  291	-29.800301	10.979400	131.922058
			*MESH_VERTEX  292	-29.240999	18.636456	131.842331
			*MESH_VERTEX  293	-28.779608	19.834177	141.798065
			*MESH_VERTEX  294	-25.835135	6.634092	140.988342
			*MESH_VERTEX  295	-26.028521	7.094776	131.600266
			*MESH_VERTEX  296	-21.601448	6.522539	139.119675
			*MESH_VERTEX  297	-21.989157	7.073572	130.666611
			*MESH_VERTEX  298	-17.883362	8.009104	136.759140
			*MESH_VERTEX  299	-16.417019	9.955432	129.425568
			*MESH_VERTEX  300	-17.748674	20.938736	129.780746
			*MESH_VERTEX  301	-16.873808	20.361595	135.683044
			*MESH_VERTEX  302	-27.398455	22.437136	119.785202
			*MESH_VERTEX  303	-25.436825	23.903378	130.471924
			*MESH_VERTEX  304	-17.162495	13.685997	118.900986
			*MESH_VERTEX  305	-15.032930	15.439335	128.090439
			*MESH_VERTEX  306	-32.508110	16.977892	120.284721
			*MESH_VERTEX  307	-30.215954	19.349857	130.640503
			*MESH_VERTEX  308	-21.200146	21.193865	118.610405
			*MESH_VERTEX  309	-17.295662	22.045389	128.722031
			*MESH_VERTEX  310	-31.055164	10.601436	130.830093
			*MESH_VERTEX  311	-31.964136	11.020720	120.838997
			*MESH_VERTEX  312	-27.157980	6.652360	130.512650
			*MESH_VERTEX  313	-29.041765	6.917232	120.652016
			*MESH_VERTEX  314	-22.102772	5.861368	129.325272
			*MESH_VERTEX  315	-23.465528	5.521512	120.247704
			*MESH_VERTEX  316	-15.440626	9.349209	128.120148
			*MESH_VERTEX  317	-17.568171	8.991365	119.439751
			*MESH_VERTEX  318	-30.305237	15.078087	117.064728
			*MESH_VERTEX  319	-27.923790	17.681166	116.429771
			*MESH_VERTEX  320	-20.834799	13.419093	116.633003
			*MESH_VERTEX  321	-23.605661	17.889519	115.998299
			*MESH_VERTEX  322	-27.764788	8.739044	118.268066
			*MESH_VERTEX  323	-24.086039	7.657624	118.204262
			*MESH_VERTEX  324	-20.515045	9.631221	117.464699
			*MESH_VERTEX  325	-32.089550	13.520044	107.953979
			*MESH_VERTEX  326	-28.518974	15.672562	107.240501
			*MESH_VERTEX  327	-19.773888	12.665556	108.113037
			*MESH_VERTEX  328	-22.614796	16.131516	107.149925
			*MESH_VERTEX  329	-29.106623	5.482912	110.309692
			*MESH_VERTEX  330	-24.130655	4.399738	110.519379
			*MESH_VERTEX  331	-19.279936	6.902110	109.762474
			*MESH_VERTEX  332	-29.806528	11.493575	117.876717
			*MESH_VERTEX  333	-31.564842	9.093332	109.205833
			*MESH_VERTEX  334	-28.661352	7.084240	90.858017
			*MESH_VERTEX  335	-25.875034	8.065378	90.707413
			*MESH_VERTEX  336	-23.202507	5.380322	91.624748
			*MESH_VERTEX  337	-29.410894	3.103781	92.432419
			*MESH_VERTEX  338	-27.135563	0.462949	93.390198
			*MESH_VERTEX  339	-23.457230	0.483261	93.015274
			*MESH_VERTEX  340	-24.508621	7.912720	84.008827
			*MESH_VERTEX  341	-19.377319	1.906163	88.635361
			*MESH_VERTEX  342	-30.460508	2.352295	81.185638
			*MESH_VERTEX  343	-24.972075	-5.386199	83.294975
			*MESH_VERTEX  344	-22.252825	-2.956344	85.941856
			*MESH_VERTEX  345	-26.047657	6.869771	86.981911
			*MESH_VERTEX  346	-21.201382	-1.108807	90.254402
			*MESH_VERTEX  347	-29.065483	5.863906	86.249725
			*MESH_VERTEX  348	-18.892788	-1.673068	79.811501
			*MESH_VERTEX  349	-25.058094	5.392851	78.684174
			*MESH_VERTEX  350	-23.933025	-5.139356	81.732643
			*MESH_VERTEX  351	-29.526484	2.860061	79.947052
