*3DSMAX_ASCIIEXPORT	108
*COMMENT " [Zengine ASC Exporter v1.08] AsciiExport Version  1,08 - Sat May 18 19:07:47 2002"
*SCENE {
	*SCENE_FILENAME "Waldlaufer01.max"
	*SCENE_FIRSTFRAME 0
	*SCENE_LASTFRAME 100
	*SCENE_FRAMESPEED 25
	*SCENE_TICKSPERFRAME 192
	*SCENE_BACKGROUND_STATIC 0.000000	0.000000	0.000000
	*SCENE_AMBIENT_STATIC 1.000000	1.000000	1.000000
}
*MATERIAL_LIST {
	*MATERIAL_COUNT 1
	*MATERIAL 0 {
		*MATERIAL_NAME "Schmied"
		*MATERIAL_CLASS "Multi/Sub-Object"
		*MATERIAL_AMBIENT 0.203922	0.164706	0.101961
		*MATERIAL_DIFFUSE 0.623529	0.580392	0.501961
		*MATERIAL_SPECULAR 0.900000	0.900000	0.900000
		*MATERIAL_SHINE 0.010000
		*MATERIAL_SHINESTRENGTH 0.000000
		*MATERIAL_TRANSPARENCY 0.000000
		*MATERIAL_WIRESIZE 1.000000
		*NUMSUBMTLS 2
		*SUBMATERIAL 0 {
			*MATERIAL_NAME "Material #334"
			*MATERIAL_CLASS "Standard"
			*MATERIAL_AMBIENT 0.203922	0.164706	0.101961
			*MATERIAL_DIFFUSE 0.623529	0.580392	0.501961
			*MATERIAL_SPECULAR 0.900000	0.900000	0.900000
			*MATERIAL_SHINE 0.000000
			*MATERIAL_SHINESTRENGTH 0.000000
			*MATERIAL_TRANSPARENCY 0.000000
			*MATERIAL_WIRESIZE 1.000000
			*MATERIAL_SHADING Blinn
			*MATERIAL_XP_FALLOFF 0.000000
			*MATERIAL_SELFILLUM 0.000000
			*MATERIAL_FALLOFF In
			*MATERIAL_XP_TYPE Filter
			*MAP_DIFFUSE {
				*MAP_NAME "Map #4"
				*MAP_CLASS "Bitmap"
				*MAP_SUBNO 1
				*MAP_AMOUNT 1.000000
				*BITMAP "Hum_Body_Naked_V0_C0.tga"
				*MAP_TYPE Screen
				*UVW_U_OFFSET 0.000000
				*UVW_V_OFFSET 0.000000
				*UVW_U_TILING 1.000000
				*UVW_V_TILING 1.000000
				*UVW_ANGLE 0.000000
				*UVW_BLUR 1.000000
				*UVW_BLUR_OFFSET 0.000000
				*UVW_NOUSE_AMT 1.000000
				*UVW_NOISE_SIZE 1.000000
				*UVW_NOISE_LEVEL 1
				*UVW_NOISE_PHASE 0.000000
				*BITMAP_FILTER Pyramidal
			}
		}
		*SUBMATERIAL 1 {
			*MATERIAL_NAME "Schmied"
			*MATERIAL_CLASS "Standard"
			*MATERIAL_AMBIENT 0.000000	0.000000	0.000000
			*MATERIAL_DIFFUSE 0.588000	0.588000	0.588000
			*MATERIAL_SPECULAR 0.900000	0.900000	0.900000
			*MATERIAL_SHINE 0.100000
			*MATERIAL_SHINESTRENGTH 0.000000
			*MATERIAL_TRANSPARENCY 0.000000
			*MATERIAL_WIRESIZE 1.000000
			*MATERIAL_SHADING Blinn
			*MATERIAL_XP_FALLOFF 0.000000
			*MATERIAL_SELFILLUM 0.000000
			*MATERIAL_FALLOFF In
			*MATERIAL_XP_TYPE Filter
			*MAP_DIFFUSE {
				*MAP_NAME "Map #7"
				*MAP_CLASS "Bitmap"
				*MAP_SUBNO 1
				*MAP_AMOUNT 1.000000
				*BITMAP "Waldlaeufer.tga"
				*MAP_TYPE Screen
				*UVW_U_OFFSET 0.000000
				*UVW_V_OFFSET 0.000000
				*UVW_U_TILING 1.000000
				*UVW_V_TILING 1.000000
				*UVW_ANGLE 0.000000
				*UVW_BLUR 1.000000
				*UVW_BLUR_OFFSET 0.000000
				*UVW_NOUSE_AMT 1.000000
				*UVW_NOISE_SIZE 1.000000
				*UVW_NOISE_LEVEL 1
				*UVW_NOISE_PHASE 0.000000
				*BITMAP_FILTER Pyramidal
			}
		}
	}
}
*GEOMOBJECT {
	*NODE_NAME "Bip01"
	*NODE_TM {
		*NODE_NAME "Bip01"
		*TM_ROW0 0.024624	-0.993774	0.108663
		*TM_ROW1 0.999693	0.024771	-0.000000
		*TM_ROW2 -0.002692	0.108630	0.994079
		*TM_ROW3 0.143697	6.203871	100.621162
		*TM_POS 0.143697	6.203871	100.621162
		*TM_ROTAXIS 0.054328	0.055691	0.996969
		*TM_ROTANGLE 1.549058
		*TM_SCALE 1.000000	1.000000	1.000000
		*TM_SCALEAXIS 0.000000	-0.950111	0.311912
		*TM_SCALEAXISANG 0.065194
	}
	*WIREFRAME_COLOR 0.650980	0.792157	0.941177
}
*GEOMOBJECT {
	*NODE_NAME "Bip01 Footsteps"
	*NODE_PARENT "Bip01"
	*NODE_TM {
		*NODE_NAME "Bip01 Footsteps"
		*TM_ROW0 1.000000	0.000000	0.000000
		*TM_ROW1 0.000000	1.000000	0.000000
		*TM_ROW2 0.000000	0.000000	1.000000
		*TM_ROW3 0.143697	6.203871	-0.082873
		*TM_POS 0.143697	6.203871	-0.082873
		*TM_ROTAXIS 0.000000	0.000000	0.000000
		*TM_ROTANGLE 0.000000
		*TM_SCALE 1.000000	1.000000	1.000000
		*TM_SCALEAXIS 0.000000	0.000000	0.000000
		*TM_SCALEAXISANG 0.000000
	}
	*WIREFRAME_COLOR 0.650980	0.792157	0.941177
}
*GEOMOBJECT {
	*NODE_NAME "Bip01 Pelvis"
	*NODE_PARENT "Bip01"
	*NODE_TM {
		*NODE_NAME "Bip01 Pelvis"
		*TM_ROW0 -0.022491	0.108118	0.993884
		*TM_ROW1 0.024625	-0.993774	0.108663
		*TM_ROW2 0.999444	0.026919	0.019688
		*TM_ROW3 -0.144165	7.799951	100.445969
		*TM_POS -0.144165	7.799951	100.445969
		*TM_ROTAXIS -0.698797	-0.047531	-0.713740
		*TM_ROTANGLE 3.083070
		*TM_SCALE 1.000000	1.000000	1.000000
		*TM_SCALEAXIS 0.556063	0.716392	-0.421399
		*TM_SCALEAXISANG 0.033849
	}
	*WIREFRAME_COLOR 0.878431	0.776471	0.341176
}
*GEOMOBJECT {
	*NODE_NAME "Bip01 Spine"
	*NODE_PARENT "Bip01 Pelvis"
	*NODE_TM {
		*NODE_NAME "Bip01 Spine"
		*TM_ROW0 0.010437	-0.008259	0.999911
		*TM_ROW1 0.019587	-0.999772	-0.008462
		*TM_ROW2 0.999754	0.019674	-0.010273
		*TM_ROW3 -0.152782	8.149328	102.823303
		*TM_POS -0.152782	8.149328	102.823303
		*TM_ROTAXIS -0.710753	-0.003985	-0.703430
		*TM_ROTANGLE 3.161387
		*TM_SCALE 1.000000	1.000000	1.000000
		*TM_SCALEAXIS 0.000001	0.613287	0.789860
		*TM_SCALEAXISANG 0.020053
	}
	*WIREFRAME_COLOR 0.031373	0.431373	0.525490
}
*GEOMOBJECT {
	*NODE_NAME "Bip01 Spine1"
	*NODE_PARENT "Bip01 Spine"
	*NODE_TM {
		*NODE_NAME "Bip01 Spine1"
		*TM_ROW0 0.011812	-0.003389	0.999925
		*TM_ROW1 0.017517	-0.999840	-0.003596
		*TM_ROW2 0.999777	0.017558	-0.011751
		*TM_ROW3 -0.050393	8.078349	112.649666
		*TM_POS -0.050393	8.078349	112.649666
		*TM_ROTAXIS -0.711252	-0.004966	-0.702920
		*TM_ROTANGLE 3.156464
		*TM_SCALE 1.000000	1.000000	1.000000
		*TM_SCALEAXIS -0.000005	0.481733	0.876318
		*TM_SCALEAXISANG 0.023802
	}
	*WIREFRAME_COLOR 0.031373	0.431373	0.525490
}
*GEOMOBJECT {
	*NODE_NAME "Bip01 Spine2"
	*NODE_PARENT "Bip01 Spine1"
	*NODE_TM {
		*NODE_NAME "Bip01 Spine2"
		*TM_ROW0 0.011539	0.156128	0.987670
		*TM_ROW1 0.010668	-0.987698	0.156008
		*TM_ROW2 0.999876	0.008737	-0.013062
		*TM_ROW3 0.100428	8.058580	125.434776
		*TM_POS 0.100428	8.058580	125.434776
		*TM_ROTAXIS -0.710235	-0.058870	-0.701499
		*TM_ROTANGLE 3.037728
		*TM_SCALE 1.000000	1.000000	1.000000
		*TM_SCALEAXIS -0.318163	0.165148	-0.933541
		*TM_SCALEAXISANG 0.046574
	}
	*WIREFRAME_COLOR 0.031373	0.431373	0.525490
}
*GEOMOBJECT {
	*NODE_NAME "Bip01 Neck"
	*NODE_PARENT "Bip01 Spine2"
	*NODE_TM {
		*NODE_NAME "Bip01 Neck"
		*TM_ROW0 0.014493	-0.191101	0.981463
		*TM_ROW1 0.006078	-0.981532	-0.191204
		*TM_ROW2 0.999876	0.008737	-0.013063
		*TM_ROW3 0.446374	12.745263	155.050125
		*TM_POS 0.446374	12.745263	155.050125
		*TM_ROTAXIS -0.710481	0.065430	-0.700668
		*TM_ROTANGLE 3.282769
		*TM_SCALE 1.000000	1.000000	1.000000
		*TM_SCALEAXIS -0.423801	0.905755	-0.000000
		*TM_SCALEAXISANG 0.044533
	}
	*WIREFRAME_COLOR 0.031373	0.431373	0.525490
}
*GEOMOBJECT {
	*NODE_NAME "Bip01 L Clavicle"
	*NODE_PARENT "Bip01 Neck"
	*NODE_TM {
		*NODE_NAME "Bip01 L Clavicle"
		*TM_ROW0 0.964434	0.054801	-0.258580
		*TM_ROW1 -0.097437	0.983087	-0.155068
		*TM_ROW2 0.245709	0.174748	0.953462
		*TM_ROW3 8.321103	14.412910	149.258469
		*TM_POS 8.321103	14.412910	149.258469
		*TM_ROTAXIS 0.530678	-0.811406	-0.244951
		*TM_ROTANGLE 0.315982
		*TM_SCALE 1.000000	1.000000	1.000000
		*TM_SCALEAXIS 0.000000	0.959980	0.280070
		*TM_SCALEAXISANG 0.276999
	}
	*WIREFRAME_COLOR 0.109804	0.109804	0.694118
}
*GEOMOBJECT {
	*NODE_NAME "Bip01 L UpperArm"
	*NODE_PARENT "Bip01 L Clavicle"
	*NODE_TM {
		*NODE_NAME "Bip01 L UpperArm"
		*TM_ROW0 0.111290	-0.034231	-0.993198
		*TM_ROW1 0.334842	0.942261	0.005044
		*TM_ROW2 0.935679	-0.333126	0.116326
		*TM_ROW3 21.173159	15.143184	145.812622
		*TM_POS 21.173159	15.143184	145.812622
		*TM_ROTAXIS -0.169698	-0.967937	0.185206
		*TM_ROTANGLE 1.485755
		*TM_SCALE 1.000000	1.000000	1.000000
		*TM_SCALEAXIS 0.733991	-0.679159	0.000000
		*TM_SCALEAXISANG 0.331690
	}
	*WIREFRAME_COLOR 0.109804	0.109804	0.694118
}
*GEOMOBJECT {
	*NODE_NAME "Bip01 L Forearm"
	*NODE_PARENT "Bip01 L UpperArm"
	*NODE_TM {
		*NODE_NAME "Bip01 L Forearm"
		*TM_ROW0 -0.036279	-0.418752	-0.907376
		*TM_ROW1 0.350982	0.844792	-0.403903
		*TM_ROW2 0.935679	-0.333126	0.116326
		*TM_ROW3 24.278843	14.187929	118.096214
		*TM_POS 24.278843	14.187929	118.096214
		*TM_ROTAXIS 0.035414	-0.922179	0.385139
		*TM_ROTANGLE 1.608386
		*TM_SCALE 1.000000	1.000000	1.000000
		*TM_SCALEAXIS -0.000000	-0.024691	-0.999695
		*TM_SCALEAXISANG 0.177314
	}
	*WIREFRAME_COLOR 0.109804	0.109804	0.694118
}
*GEOMOBJECT {
	*NODE_NAME "Bip01 L Hand"
	*NODE_PARENT "Bip01 L Forearm"
	*NODE_TM {
		*NODE_NAME "Bip01 L Hand"
		*TM_ROW0 -0.114926	-0.479701	-0.869873
		*TM_ROW1 -0.936279	0.344905	-0.066502
		*TM_ROW2 0.331925	0.806800	-0.488773
		*TM_ROW3 23.269693	2.539793	92.856369
		*TM_POS 23.269693	2.539793	92.856369
		*TM_ROTAXIS 0.561910	-0.773274	-0.293776
		*TM_ROTANGLE 2.251573
		*TM_SCALE 1.000000	1.000000	1.000000
		*TM_SCALEAXIS 0.000000	0.000000	0.000000
		*TM_SCALEAXISANG 0.000000
	}
	*WIREFRAME_COLOR 0.109804	0.109804	0.694118
}
*GEOMOBJECT {
	*NODE_NAME "Bip01 L Finger0"
	*NODE_PARENT "Bip01 L Hand"
	*NODE_TM {
		*NODE_NAME "Bip01 L Finger0"
		*TM_ROW0 -0.114926	-0.479701	-0.869873
		*TM_ROW1 -0.936543	0.344263	-0.066113
		*TM_ROW2 0.331179	0.807075	-0.488826
		*TM_ROW3 21.790609	-3.633893	81.661232
		*TM_POS 21.790609	-3.633893	81.661232
		*TM_ROTAXIS 0.562040	-0.773074	-0.294053
		*TM_ROTANGLE 2.252021
		*TM_SCALE 1.000000	1.000000	1.000000
		*TM_SCALEAXIS 0.000000	0.000000	0.000000
		*TM_SCALEAXISANG 0.000000
	}
	*WIREFRAME_COLOR 0.525490	0.023529	0.023529
}
*HELPEROBJECT {
	*NODE_NAME "Dummy02"
	*NODE_PARENT "Bip01 L Finger0"
	*HELPER_CLASS "Dummy"
	*NODE_TM {
		*NODE_NAME "Dummy02"
		*TM_ROW0 -0.114926	-0.479701	-0.869873
		*TM_ROW1 -0.936543	0.344263	-0.066113
		*TM_ROW2 0.331179	0.807075	-0.488826
		*TM_ROW3 21.531733	-4.714447	79.701797
		*TM_POS 21.531733	-4.714447	79.701797
		*TM_ROTAXIS 0.562040	-0.773074	-0.294053
		*TM_ROTANGLE 2.252021
		*TM_SCALE 1.000000	1.000000	1.000000
		*TM_SCALEAXIS 0.000000	0.000000	0.000000
		*TM_SCALEAXISANG 0.000000
	}
	*BOUNDINGBOX_MIN 20.774683	-5.542901	79.062721
	*BOUNDINGBOX_MAX 22.288782	-3.885992	80.340874
}
*GEOMOBJECT {
	*NODE_NAME "Bip01 R Clavicle"
	*NODE_PARENT "Bip01 Neck"
	*NODE_TM {
		*NODE_NAME "Bip01 R Clavicle"
		*TM_ROW0 -0.962764	0.061304	-0.263300
		*TM_ROW1 0.105528	0.981904	-0.157250
		*TM_ROW2 0.248896	-0.179180	-0.951812
		*TM_ROW3 -7.604900	14.273711	149.466522
		*TM_POS -7.604900	14.273711	149.466522
		*TM_ROTAXIS -0.042619	-0.995388	0.085944
		*TM_ROTANGLE 2.881382
		*TM_SCALE 1.000000	1.000000	1.000000
		*TM_SCALEAXIS 0.000000	-0.664511	0.747278
		*TM_SCALEAXISANG 0.111526
	}
	*WIREFRAME_COLOR 0.023529	0.525490	0.023529
}
*GEOMOBJECT {
	*NODE_NAME "Bip01 R UpperArm"
	*NODE_PARENT "Bip01 R Clavicle"
	*NODE_TM {
		*NODE_NAME "Bip01 R UpperArm"
		*TM_ROW0 -0.160603	-0.093218	-0.982607
		*TM_ROW1 -0.499574	0.866271	-0.000528
		*TM_ROW2 0.851253	0.490801	-0.185695
		*TM_ROW3 -20.434700	15.090647	145.957794
		*TM_POS -20.434700	15.090647	145.957794
		*TM_ROTAXIS 0.253061	-0.944540	-0.209296
		*TM_ROTANGLE 1.813176
		*TM_SCALE 1.000000	1.000000	1.000000
		*TM_SCALEAXIS -0.959951	0.280168	0.000000
		*TM_SCALEAXISANG 0.371561
	}
	*WIREFRAME_COLOR 0.023529	0.525490	0.023529
}
*GEOMOBJECT {
	*NODE_NAME "Bip01 R Forearm"
	*NODE_PARENT "Bip01 R UpperArm"
	*NODE_TM {
		*NODE_NAME "Bip01 R Forearm"
		*TM_ROW0 -0.032168	-0.304398	-0.952002
		*TM_ROW1 -0.523768	0.816368	-0.243332
		*TM_ROW2 0.851253	0.490801	-0.185695
		*TM_ROW3 -24.916515	12.489295	118.536934
		*TM_POS -24.916515	12.489295	118.536934
		*TM_ROTAXIS 0.374694	-0.920363	-0.111964
		*TM_ROTANGLE 1.772917
		*TM_SCALE 1.000000	1.000000	1.000000
		*TM_SCALEAXIS -0.997246	-0.074168	-0.000000
		*TM_SCALEAXISANG 0.365376
	}
	*WIREFRAME_COLOR 0.023529	0.525490	0.023529
}
*GEOMOBJECT {
	*NODE_NAME "Bip01 R Hand"
	*NODE_PARENT "Bip01 R Forearm"
	*NODE_TM {
		*NODE_NAME "Bip01 R Hand"
		*TM_ROW0 0.081071	-0.391256	-0.916704
		*TM_ROW1 0.854658	0.500506	-0.138035
		*TM_ROW2 0.512823	-0.772278	0.374966
		*TM_ROW3 -25.811296	4.022058	92.055763
		*TM_POS -25.811296	4.022058	92.055763
		*TM_ROTAXIS -0.317196	-0.714932	0.623104
		*TM_ROTANGLE 1.592526
		*TM_SCALE 1.000000	1.000000	1.000000
		*TM_SCALEAXIS -0.951334	0.000000	0.308163
		*TM_SCALEAXISANG 0.354138
	}
	*WIREFRAME_COLOR 0.023529	0.525490	0.023529
}
*GEOMOBJECT {
	*NODE_NAME "Bip01 R Finger0"
	*NODE_PARENT "Bip01 R Hand"
	*NODE_TM {
		*NODE_NAME "Bip01 R Finger0"
		*TM_ROW0 0.081071	-0.391256	-0.916704
		*TM_ROW1 0.855066	0.499891	-0.137737
		*TM_ROW2 0.512142	-0.772676	0.375076
		*TM_ROW3 -24.767920	-1.013344	80.257912
		*TM_POS -24.767920	-1.013344	80.257912
		*TM_ROTAXIS -0.317546	-0.714596	0.623311
		*TM_ROTANGLE 1.592779
		*TM_SCALE 1.000000	1.000000	1.000000
		*TM_SCALEAXIS -0.934906	-0.000000	0.354895
		*TM_SCALEAXISANG 0.285791
	}
	*WIREFRAME_COLOR 0.878431	0.776471	0.341176
}
*HELPEROBJECT {
	*NODE_NAME "Dummy01"
	*NODE_PARENT "Bip01 R Finger0"
	*HELPER_CLASS "Dummy"
	*NODE_TM {
		*NODE_NAME "Dummy01"
		*TM_ROW0 0.081071	-0.391256	-0.916704
		*TM_ROW1 0.855066	0.499891	-0.137737
		*TM_ROW2 -0.512142	0.772676	-0.375076
		*TM_ROW3 -24.585302	-1.894669	78.192986
		*TM_POS -24.585302	-1.894669	78.192986
		*TM_ROTAXIS -0.570588	0.253553	-0.781114
		*TM_ROTANGLE 2.217981
		*TM_SCALE 1.000000	1.000000	1.000000
		*TM_SCALEAXIS 0.934906	0.000000	0.354895
		*TM_SCALEAXISANG 0.285791
	}
	*BOUNDINGBOX_MIN -25.385666	-2.758187	77.560043
	*BOUNDINGBOX_MAX -23.784939	-1.031150	78.825928
}
*GEOMOBJECT {
	*NODE_NAME "Bip01 Head"
	*NODE_PARENT "Bip01 Neck"
	*NODE_TM {
		*NODE_NAME "Bip01 Head"
		*TM_ROW0 -0.016420	-0.136856	0.990455
		*TM_ROW1 -0.040593	-0.989680	-0.137422
		*TM_ROW2 0.999041	-0.042462	0.010696
		*TM_ROW3 0.545492	11.438283	161.762573
		*TM_POS 0.545492	11.438283	161.762573
		*TM_ROTAXIS -0.700860	0.063370	-0.710478
		*TM_ROTANGLE 3.209390
		*TM_SCALE 1.000000	1.000000	1.000000
		*TM_SCALEAXIS -0.038668	0.346504	0.937251
		*TM_SCALEAXISANG 0.111166
	}
	*WIREFRAME_COLOR 0.694118	0.109804	0.584314
}
*HELPEROBJECT {
	*NODE_NAME "Dummy05"
	*NODE_PARENT "Bip01 Head"
	*HELPER_CLASS "Dummy"
	*NODE_TM {
		*NODE_NAME "Dummy05"
		*TM_ROW0 -0.016420	-0.136856	0.990455
		*TM_ROW1 -0.040593	-0.989680	-0.137422
		*TM_ROW2 0.999041	-0.042462	0.010696
		*TM_ROW3 0.175613	8.355518	184.073120
		*TM_POS 0.175613	8.355518	184.073120
		*TM_ROTAXIS -0.700860	0.063370	-0.710478
		*TM_ROTANGLE 3.209390
		*TM_SCALE 1.000000	1.000000	1.000000
		*TM_SCALEAXIS -0.038668	0.346504	0.937251
		*TM_SCALEAXISANG 0.111166
	}
	*BOUNDINGBOX_MIN -2.797913	5.063975	180.867249
	*BOUNDINGBOX_MAX 3.149139	11.647062	187.278992
}
*GEOMOBJECT {
	*NODE_NAME "Bip01 L Thigh"
	*NODE_PARENT "Bip01 Spine"
	*NODE_TM {
		*NODE_NAME "Bip01 L Thigh"
		*TM_ROW0 0.112168	-0.023375	-0.993414
		*TM_ROW1 0.054334	-0.998083	0.029620
		*TM_ROW2 -0.992203	-0.057299	-0.110683
		*TM_ROW3 8.861040	8.042475	100.623352
		*TM_POS 8.861040	8.042475	100.623352
		*TM_ROTAXIS -0.745457	-0.010391	0.666473
		*TM_ROTANGLE 3.083261
		*TM_SCALE 1.000000	1.000000	1.000000
		*TM_SCALEAXIS -0.071117	0.997468	-0.000000
		*TM_SCALEAXISANG 0.192461
	}
	*WIREFRAME_COLOR 0.109804	0.109804	0.694118
}
*GEOMOBJECT {
	*NODE_NAME "Bip01 L Calf"
	*NODE_PARENT "Bip01 L Thigh"
	*NODE_TM {
		*NODE_NAME "Bip01 L Calf"
		*TM_ROW0 0.096717	0.206155	-0.973728
		*TM_ROW1 0.078612	-0.976840	-0.199006
		*TM_ROW2 -0.992203	-0.057299	-0.110683
		*TM_ROW3 13.274282	7.122785	61.537636
		*TM_POS 13.274282	7.122785	61.537636
		*TM_ROTAXIS -0.739809	-0.096451	0.665867
		*TM_ROTANGLE 3.237512
		*TM_SCALE 1.000000	1.000000	1.000000
		*TM_SCALEAXIS -0.491071	0.871120	-0.000000
		*TM_SCALEAXISANG 0.095634
	}
	*WIREFRAME_COLOR 0.109804	0.109804	0.694118
}
*GEOMOBJECT {
	*NODE_NAME "Bip01 L Foot"
	*NODE_PARENT "Bip01 L Calf"
	*NODE_TM {
		*NODE_NAME "Bip01 L Foot"
		*TM_ROW0 -0.001620	0.046783	-0.998904
		*TM_ROW1 0.139798	-0.989085	-0.046550
		*TM_ROW2 -0.990179	-0.139720	-0.004938
		*TM_ROW3 18.022861	17.244518	13.729874
		*TM_POS 18.022861	17.244518	13.729874
		*TM_ROTAXIS -0.706147	-0.066128	0.704970
		*TM_ROTANGLE 3.075574
		*TM_SCALE 1.000000	1.000000	1.000000
		*TM_SCALEAXIS 0.000000	0.617234	-0.786780
		*TM_SCALEAXISANG 0.126434
	}
	*WIREFRAME_COLOR 0.109804	0.109804	0.694118
}
*GEOMOBJECT {
	*NODE_NAME "Bip01 L Toe0"
	*NODE_PARENT "Bip01 L Foot"
	*NODE_TM {
		*NODE_NAME "Bip01 L Toe0"
		*TM_ROW0 0.139798	-0.989085	-0.046550
		*TM_ROW1 0.001620	-0.046783	0.998904
		*TM_ROW2 -0.990179	-0.139720	-0.004938
		*TM_ROW3 21.167963	-4.561439	0.062918
		*TM_POS 21.167963	-4.561439	0.062918
		*TM_ROTAXIS -0.639677	0.530129	0.556576
		*TM_ROTANGLE 2.044249
		*TM_SCALE 1.000000	1.000000	1.000000
		*TM_SCALEAXIS 0.617234	-0.000000	-0.786780
		*TM_SCALEAXISANG 0.126434
	}
	*WIREFRAME_COLOR 0.423529	0.031373	0.533333
}
*HELPEROBJECT {
	*NODE_NAME "Dummy04"
	*NODE_PARENT "Bip01 L Toe0"
	*HELPER_CLASS "Dummy"
	*NODE_TM {
		*NODE_NAME "Dummy04"
		*TM_ROW0 0.139798	-0.989085	-0.046550
		*TM_ROW1 0.001620	-0.046783	0.998904
		*TM_ROW2 0.990179	0.139720	0.004938
		*TM_ROW3 21.356905	-5.898220	0.000005
		*TM_POS 21.356905	-5.898220	0.000005
		*TM_ROTAXIS -0.513966	-0.620173	0.592642
		*TM_ROTANGLE 4.131250
		*TM_SCALE 1.000000	1.000000	1.000000
		*TM_SCALEAXIS -0.617234	0.000000	-0.786780
		*TM_SCALEAXISANG 0.126434
	}
	*BOUNDINGBOX_MIN 20.990303	-6.184033	-0.349662
	*BOUNDINGBOX_MAX 21.723507	-5.612407	0.349671
}
*GEOMOBJECT {
	*NODE_NAME "Bip01 R Thigh"
	*NODE_PARENT "Bip01 Spine"
	*NODE_TM {
		*NODE_NAME "Bip01 R Thigh"
		*TM_ROW0 -0.126005	0.029127	-0.991602
		*TM_ROW1 -0.073200	-0.997117	-0.019987
		*TM_ROW2 -0.989325	0.070066	0.127773
		*TM_ROW3 -9.149371	7.557419	100.268585
		*TM_POS -9.149371	7.557419	100.268585
		*TM_ROTAXIS 0.660562	-0.016700	-0.750586
		*TM_ROTANGLE 3.073375
		*TM_SCALE 1.000000	1.000000	1.000000
		*TM_SCALEAXIS -0.025081	-0.999685	0.000000
		*TM_SCALEAXISANG 0.204813
	}
	*WIREFRAME_COLOR 0.023529	0.525490	0.023529
}
*GEOMOBJECT {
	*NODE_NAME "Bip01 R Calf"
	*NODE_PARENT "Bip01 R Thigh"
	*NODE_TM {
		*NODE_NAME "Bip01 R Calf"
		*TM_ROW0 -0.113947	0.174619	-0.978021
		*TM_ROW1 -0.090838	-0.982140	-0.164771
		*TM_ROW2 -0.989325	0.070066	0.127773
		*TM_ROW3 -14.107004	8.703404	61.254169
		*TM_POS -14.107004	8.703404	61.254169
		*TM_ROTAXIS 0.662253	0.031880	-0.748602
		*TM_ROTANGLE 2.963348
		*TM_SCALE 1.000000	1.000000	1.000000
		*TM_SCALEAXIS 0.987722	0.103990	0.116581
		*TM_SCALEAXISANG 0.149628
	}
	*WIREFRAME_COLOR 0.023529	0.525490	0.023529
}
*GEOMOBJECT {
	*NODE_NAME "Bip01 R Foot"
	*NODE_PARENT "Bip01 R Calf"
	*NODE_TM {
		*NODE_NAME "Bip01 R Foot"
		*TM_ROW0 -0.018389	0.028688	-0.999419
		*TM_ROW1 -0.089759	-0.995599	-0.026927
		*TM_ROW2 -0.995794	0.089212	0.020883
		*TM_ROW3 -19.701511	17.276789	13.235633
		*TM_POS -19.701511	17.276789	13.235633
		*TM_ROTAXIS 0.699947	-0.021850	-0.713860
		*TM_ROTANGLE 3.058535
		*TM_SCALE 1.000000	1.000000	1.000000
		*TM_SCALEAXIS 0.762644	-0.000000	-0.646818
		*TM_SCALEAXISANG 0.138709
	}
	*WIREFRAME_COLOR 0.023529	0.525490	0.023529
}
*GEOMOBJECT {
	*NODE_NAME "Bip01 R Toe0"
	*NODE_PARENT "Bip01 R Foot"
	*NODE_TM {
		*NODE_NAME "Bip01 R Toe0"
		*TM_ROW0 -0.089759	-0.995599	-0.026927
		*TM_ROW1 0.018389	-0.028688	0.999419
		*TM_ROW2 -0.995794	0.089212	0.020883
		*TM_ROW3 -21.966185	-4.905147	0.006498
		*TM_POS -21.966185	-4.905147	0.006498
		*TM_ROTAXIS 0.544405	-0.579490	-0.606477
		*TM_ROTANGLE 4.131482
		*TM_SCALE 1.000000	1.000000	1.000000
		*TM_SCALEAXIS -0.000000	-0.762644	-0.646818
		*TM_SCALEAXISANG 0.138709
	}
	*WIREFRAME_COLOR 0.443137	0.525490	0.023529
}
*HELPEROBJECT {
	*NODE_NAME "Dummy03"
	*NODE_PARENT "Bip01 R Toe0"
	*HELPER_CLASS "Dummy"
	*NODE_TM {
		*NODE_NAME "Dummy03"
		*TM_ROW0 -0.089759	-0.995599	-0.026927
		*TM_ROW1 0.018389	-0.028688	0.999419
		*TM_ROW2 -0.995794	0.089212	0.020883
		*TM_ROW3 -22.087498	-6.250732	-0.029895
		*TM_POS -22.087498	-6.250732	-0.029895
		*TM_ROTAXIS 0.544405	-0.579490	-0.606477
		*TM_ROTANGLE 4.131482
		*TM_SCALE 1.000000	1.000000	1.000000
		*TM_SCALEAXIS -0.000000	-0.762644	-0.646818
		*TM_SCALEAXISANG 0.138709
	}
	*BOUNDINGBOX_MIN -22.450392	-6.514832	-0.380703
	*BOUNDINGBOX_MAX -21.724604	-5.986631	0.320914
}
*GEOMOBJECT {
	*NODE_NAME "zm_Schmied"
	*NODE_TM {
		*NODE_NAME "zm_Schmied"
		*TM_ROW0 -0.000001	-0.000000	1.000000
		*TM_ROW1 0.000003	-1.000000	-0.000000
		*TM_ROW2 1.000000	0.000003	0.000001
		*TM_ROW3 0.000000	1.456082	83.813286
		*TM_POS 0.000000	1.456082	83.813286
		*TM_ROTAXIS -0.707106	-0.000001	-0.707107
		*TM_ROTANGLE 3.141595
		*TM_SCALE 1.000000	1.000000	1.000000
		*TM_SCALEAXIS 0.000000	0.000000	0.000000
		*TM_SCALEAXISANG 0.000000
	}
	*MATERIAL_REF 0
	*MESH_SOFTSKIN {
		*TIMEVALUE 0
		*MESH_NUMVERTEX 408
		*MESH_NUMFACES 802
		*MESH_VERTEX_LIST {
			*MESH_VERTEX    0	-18.456167	8.537198	110.099525
			*MESH_VERTEX    1	0.187390	-7.703069	109.702408
			*MESH_VERTEX    2	-0.278714	19.478853	110.337357
			*MESH_VERTEX    3	-12.805036	-4.032029	110.170784
			*MESH_VERTEX    4	-10.333513	16.559353	110.139801
			*MESH_VERTEX    5	18.236324	8.925654	110.012932
			*MESH_VERTEX    6	14.063137	-2.854021	110.067970
			*MESH_VERTEX    7	9.289094	17.659252	110.072624
			*MESH_VERTEX    8	-16.438240	8.616026	115.919250
			*MESH_VERTEX    9	0.207184	-7.572161	114.938683
			*MESH_VERTEX   10	-0.181138	19.214148	115.592903
			*MESH_VERTEX   11	-12.144569	-2.673544	115.269043
			*MESH_VERTEX   12	-10.231087	16.055836	115.721054
			*MESH_VERTEX   13	16.452202	8.848719	115.557007
			*MESH_VERTEX   14	12.617099	-1.771081	115.049965
			*MESH_VERTEX   15	9.338572	17.292328	115.519569
			*MESH_VERTEX   16	-11.339163	-2.957325	55.297199
			*MESH_VERTEX   17	-18.460951	-2.990468	56.185314
			*MESH_VERTEX   18	-7.632001	22.332134	31.207327
			*MESH_VERTEX   19	-11.461067	15.166959	16.167007
			*MESH_VERTEX   20	-22.825031	16.814108	17.580200
			*MESH_VERTEX   21	-23.944790	22.296185	32.993443
			*MESH_VERTEX   22	-14.693106	23.812057	16.741068
			*MESH_VERTEX   23	-15.122400	27.212011	33.514950
			*MESH_VERTEX   24	-19.308731	9.706886	16.001858
			*MESH_VERTEX   25	-24.845577	11.669694	27.207180
			*MESH_VERTEX   26	-7.310397	10.929165	24.604425
			*MESH_VERTEX   27	-15.436142	9.832003	15.565134
			*MESH_VERTEX   28	-20.834171	8.984140	86.617699
			*MESH_VERTEX   29	-12.052573	18.140587	84.969948
			*MESH_VERTEX   30	1.596009	4.932607	83.098572
			*MESH_VERTEX   31	-6.808181	-6.456514	85.859085
			*MESH_VERTEX   32	-15.735055	-4.198710	87.350212
			*MESH_VERTEX   33	-3.728306	17.207489	84.635368
			*MESH_VERTEX   34	-21.715799	8.597084	61.540039
			*MESH_VERTEX   35	-18.109308	16.193745	61.780960
			*MESH_VERTEX   36	-9.989126	16.253971	60.694946
			*MESH_VERTEX   37	-4.890333	8.876863	59.960163
			*MESH_VERTEX   38	-10.245969	-4.678043	61.587490
			*MESH_VERTEX   39	-17.586100	-4.811596	62.477123
			*MESH_VERTEX   40	-13.632713	-0.880237	26.397366
			*MESH_VERTEX   41	-19.693022	-1.485613	27.657230
			*MESH_VERTEX   42	-20.557308	23.868332	17.328653
			*MESH_VERTEX   43	10.943251	-2.828717	55.841686
			*MESH_VERTEX   44	18.182184	-2.511439	57.080185
			*MESH_VERTEX   45	7.159941	22.403122	32.225113
			*MESH_VERTEX   46	11.402536	17.029785	16.317825
			*MESH_VERTEX   47	23.108000	17.389153	17.942453
			*MESH_VERTEX   48	23.067101	23.243017	33.296883
			*MESH_VERTEX   49	13.144462	23.917816	17.471638
			*MESH_VERTEX   50	16.102015	27.838390	34.265961
			*MESH_VERTEX   51	20.277161	10.124533	16.269323
			*MESH_VERTEX   52	24.110985	12.882008	28.129564
			*MESH_VERTEX   53	6.946392	11.271612	25.183153
			*MESH_VERTEX   54	15.958597	10.018599	15.621390
			*MESH_VERTEX   55	20.159634	8.283486	87.166626
			*MESH_VERTEX   56	11.322750	17.551346	85.526237
			*MESH_VERTEX   57	7.142018	-6.949475	86.670441
			*MESH_VERTEX   58	16.236439	-4.067513	88.008842
			*MESH_VERTEX   59	3.121737	17.447308	84.897957
			*MESH_VERTEX   60	20.990385	9.197464	61.938427
			*MESH_VERTEX   61	17.027679	16.673885	62.154274
			*MESH_VERTEX   62	8.954226	16.375069	61.092010
			*MESH_VERTEX   63	5.222026	8.729373	60.438908
			*MESH_VERTEX   64	10.448014	-4.522363	61.915844
			*MESH_VERTEX   65	17.495003	-4.337286	62.796936
			*MESH_VERTEX   66	13.771311	-0.393264	26.832317
			*MESH_VERTEX   67	19.599377	-0.491734	28.478695
			*MESH_VERTEX   68	19.906784	24.267681	18.280704
			*MESH_VERTEX   69	-0.109323	10.472949	86.910614
			*MESH_VERTEX   70	-14.833221	-4.901577	102.552361
			*MESH_VERTEX   71	-0.485146	21.660522	93.889740
			*MESH_VERTEX   72	-20.562866	8.867620	102.718956
			*MESH_VERTEX   73	-10.641876	20.427143	103.149422
			*MESH_VERTEX   74	4.365754	-7.326725	98.061203
			*MESH_VERTEX   75	-4.716490	20.400106	88.013420
			*MESH_VERTEX   76	15.393167	-4.085473	103.355888
			*MESH_VERTEX   77	20.098110	9.797102	103.320671
			*MESH_VERTEX   78	9.160026	20.708561	102.918556
			*MESH_VERTEX   79	3.948654	20.015709	87.966682
			*MESH_VERTEX   80	-0.497356	23.133986	103.318962
			*MESH_VERTEX   81	-11.804387	18.148277	93.312195
			*MESH_VERTEX   82	10.917089	18.161070	93.158226
			*MESH_VERTEX   83	19.584187	8.675845	94.971237
			*MESH_VERTEX   84	-20.217230	8.864872	94.332626
			*MESH_VERTEX   85	10.913284	20.670528	95.071625
			*MESH_VERTEX   86	-12.671356	20.386635	94.622154
			*MESH_VERTEX   87	-0.538222	23.832281	95.505638
			*MESH_VERTEX   88	-3.499616	-6.920684	97.696136
			*MESH_VERTEX   89	21.900257	6.492904	145.275299
			*MESH_VERTEX   90	17.587999	20.664404	150.831177
			*MESH_VERTEX   91	19.463957	24.239157	142.414474
			*MESH_VERTEX   92	22.131248	12.129444	154.368118
			*MESH_VERTEX   93	17.901709	3.859056	140.219818
			*MESH_VERTEX   94	20.077410	16.643560	138.171371
			*MESH_VERTEX   95	19.013216	10.406700	137.857437
			*MESH_VERTEX   96	-20.359392	6.300583	145.456207
			*MESH_VERTEX   97	-15.965957	21.267570	149.525848
			*MESH_VERTEX   98	-19.427931	24.482731	142.718094
			*MESH_VERTEX   99	-21.244164	11.752208	154.678955
			*MESH_VERTEX  100	-17.119968	3.711812	140.336716
			*MESH_VERTEX  101	-19.674974	16.575869	138.566040
			*MESH_VERTEX  102	-18.388435	10.361508	138.169876
			*MESH_VERTEX  103	19.037457	6.846650	148.858643
			*MESH_VERTEX  104	-13.733125	-2.526679	140.139313
			*MESH_VERTEX  105	-5.492357	10.956244	156.618027
			*MESH_VERTEX  106	-6.697382	16.571945	157.029129
			*MESH_VERTEX  107	0.292305	22.292601	138.953369
			*MESH_VERTEX  108	-14.423665	20.964296	140.331833
			*MESH_VERTEX  109	0.519217	3.861223	151.022964
			*MESH_VERTEX  110	0.724252	16.161671	168.699539
			*MESH_VERTEX  111	-2.907789	15.214436	168.057404
			*MESH_VERTEX  112	-4.598613	7.217517	163.009735
			*MESH_VERTEX  113	0.439891	-5.917573	139.970856
			*MESH_VERTEX  114	-16.418371	5.883219	151.663162
			*MESH_VERTEX  115	0.243649	5.674602	162.255035
			*MESH_VERTEX  116	0.462502	18.816172	156.907669
			*MESH_VERTEX  117	-6.082109	10.517044	165.105972
			*MESH_VERTEX  118	14.240773	-3.008194	140.416656
			*MESH_VERTEX  119	6.707442	11.284113	156.528870
			*MESH_VERTEX  120	7.791647	16.961102	156.923111
			*MESH_VERTEX  121	16.091377	21.298931	140.910660
			*MESH_VERTEX  122	4.397963	14.661283	168.112366
			*MESH_VERTEX  123	5.126215	6.662323	163.322586
			*MESH_VERTEX  124	6.853954	9.633308	165.306686
			*MESH_VERTEX  125	0.074435	-8.355611	127.031006
			*MESH_VERTEX  126	-12.126648	22.004955	126.801895
			*MESH_VERTEX  127	-18.652779	8.870173	125.656021
			*MESH_VERTEX  128	-13.427057	-3.252672	127.834084
			*MESH_VERTEX  129	-0.248300	23.773392	126.207710
			*MESH_VERTEX  130	11.848429	22.693352	126.601776
			*MESH_VERTEX  131	19.215187	9.988920	125.443626
			*MESH_VERTEX  132	14.006005	-2.565242	127.429314
			*MESH_VERTEX  133	8.156458	11.238084	6.321087
			*MESH_VERTEX  134	27.740089	12.438545	7.894341
			*MESH_VERTEX  135	10.622902	27.863026	11.955886
			*MESH_VERTEX  136	22.323595	-0.995635	10.723106
			*MESH_VERTEX  137	14.578472	-1.379331	10.013165
			*MESH_VERTEX  138	22.119225	28.767151	12.934013
			*MESH_VERTEX  139	-8.320971	10.672823	6.473217
			*MESH_VERTEX  140	-27.284752	13.736497	6.911576
			*MESH_VERTEX  141	-12.106113	27.399982	11.460814
			*MESH_VERTEX  142	-22.527716	-2.081177	10.585052
			*MESH_VERTEX  143	-14.311835	-2.017839	10.075259
			*MESH_VERTEX  144	-23.194176	27.718719	12.386664
			*MESH_VERTEX  145	-17.775522	8.546105	117.724571
			*MESH_VERTEX  146	-12.648124	19.932169	117.380981
			*MESH_VERTEX  147	-0.247511	22.202864	116.999535
			*MESH_VERTEX  148	17.864609	9.060631	117.472656
			*MESH_VERTEX  149	11.715016	20.945900	117.163719
			*MESH_VERTEX  150	0.296477	21.295872	149.412506
			*MESH_VERTEX  151	-8.129175	18.868628	155.465820
			*MESH_VERTEX  152	-10.123753	7.291436	154.109467
			*MESH_VERTEX  153	-10.194653	12.029392	156.645325
			*MESH_VERTEX  154	9.524787	19.206318	155.612167
			*MESH_VERTEX  155	11.730504	12.392449	156.765945
			*MESH_VERTEX  156	11.768855	7.727737	154.181580
			*MESH_VERTEX  157	0.346545	21.517630	153.288071
			*MESH_VERTEX  158	-8.057767	10.135472	158.605301
			*MESH_VERTEX  159	0.499024	20.150145	159.913345
			*MESH_VERTEX  160	8.243729	17.744537	160.234833
			*MESH_VERTEX  161	9.513970	10.475063	158.611115
			*MESH_VERTEX  162	6.885796	4.818438	151.331696
			*MESH_VERTEX  163	-5.092681	4.564085	151.241440
			*MESH_VERTEX  164	-6.889069	17.389320	160.202408
			*MESH_VERTEX  165	18.409145	7.209421	138.429047
			*MESH_VERTEX  166	24.502003	6.691924	141.916809
			*MESH_VERTEX  167	27.633656	21.369860	146.743835
			*MESH_VERTEX  168	16.571779	13.387602	137.810623
			*MESH_VERTEX  169	27.519873	7.535051	145.579544
			*MESH_VERTEX  170	29.827665	12.543817	147.830048
			*MESH_VERTEX  171	15.244263	19.404823	137.445129
			*MESH_VERTEX  172	21.671267	24.538923	139.662003
			*MESH_VERTEX  173	17.309345	13.524714	136.070435
			*MESH_VERTEX  174	30.662691	12.450912	141.281113
			*MESH_VERTEX  175	28.604198	20.992424	141.451538
			*MESH_VERTEX  176	27.469227	7.558126	140.288956
			*MESH_VERTEX  177	23.225977	6.874811	138.625580
			*MESH_VERTEX  178	19.129717	7.722032	136.720856
			*MESH_VERTEX  179	16.717318	19.818951	135.867615
			*MESH_VERTEX  180	-17.060453	7.559125	138.442810
			*MESH_VERTEX  181	-23.247887	6.387880	141.929153
			*MESH_VERTEX  182	-27.352688	20.889297	147.244354
			*MESH_VERTEX  183	-15.928764	13.937362	137.698074
			*MESH_VERTEX  184	-26.273285	6.939599	145.723434
			*MESH_VERTEX  185	-28.908026	11.784098	148.181046
			*MESH_VERTEX  186	-15.267495	20.094223	137.243088
			*MESH_VERTEX  187	-22.768208	24.257792	139.510681
			*MESH_VERTEX  188	-16.749971	14.014572	135.966705
			*MESH_VERTEX  189	-29.641802	11.054816	142.000656
			*MESH_VERTEX  190	-28.779589	19.834148	141.798050
			*MESH_VERTEX  191	-25.835119	6.634127	140.988312
			*MESH_VERTEX  192	-21.601448	6.522577	139.119675
			*MESH_VERTEX  193	-17.883429	8.009210	136.759201
			*MESH_VERTEX  194	-16.873901	20.361526	135.683121
			*MESH_VERTEX  195	13.392504	17.450123	17.959843
			*MESH_VERTEX  196	21.947918	17.416302	18.164635
			*MESH_VERTEX  197	14.520895	21.943707	18.904972
			*MESH_VERTEX  198	21.270748	12.088637	17.232817
			*MESH_VERTEX  199	15.645373	11.044344	16.983267
			*MESH_VERTEX  200	10.866316	16.704048	16.278961
			*MESH_VERTEX  201	23.832716	16.581455	16.529696
			*MESH_VERTEX  202	17.910995	24.597162	19.913996
			*MESH_VERTEX  203	18.437677	7.596698	17.520555
			*MESH_VERTEX  204	11.017950	16.667128	10.245331
			*MESH_VERTEX  205	25.155462	17.350992	10.765621
			*MESH_VERTEX  206	20.166620	27.170902	11.428159
			*MESH_VERTEX  207	19.314295	6.878046	13.035381
			*MESH_VERTEX  208	15.241853	2.694278	8.258581
			*MESH_VERTEX  209	22.883553	-5.579265	5.748414
			*MESH_VERTEX  210	19.821877	-7.782845	1.133641
			*MESH_VERTEX  211	23.780962	-4.671666	-0.106130
			*MESH_VERTEX  212	24.482498	3.385427	8.592250
			*MESH_VERTEX  213	23.500612	23.550297	1.090029
			*MESH_VERTEX  214	12.132005	22.662411	0.815691
			*MESH_VERTEX  215	15.363979	-5.075470	-0.189051
			*MESH_VERTEX  216	25.980186	5.243092	0.639417
			*MESH_VERTEX  217	20.733841	26.174328	1.794439
			*MESH_VERTEX  218	11.900816	4.508935	0.271882
			*MESH_VERTEX  219	18.705017	22.721272	19.883360
			*MESH_VERTEX  220	12.425241	10.892965	16.315020
			*MESH_VERTEX  221	23.078760	10.038712	17.134859
			*MESH_VERTEX  222	11.736481	20.406761	18.132545
			*MESH_VERTEX  223	22.641453	22.082647	18.612198
			*MESH_VERTEX  224	17.377523	-6.010747	5.531289
			*MESH_VERTEX  225	-13.429040	16.806499	16.959454
			*MESH_VERTEX  226	-22.664799	16.472466	17.570061
			*MESH_VERTEX  227	-15.888678	21.591145	18.588732
			*MESH_VERTEX  228	-19.033619	9.912461	16.948879
			*MESH_VERTEX  229	-16.447315	9.656687	16.730507
			*MESH_VERTEX  230	-11.528751	16.324200	15.820312
			*MESH_VERTEX  231	-24.592392	15.263975	15.991979
			*MESH_VERTEX  232	-16.794109	24.323517	18.389816
			*MESH_VERTEX  233	-18.937317	6.734921	17.132351
			*MESH_VERTEX  234	-11.784617	16.191349	9.814887
			*MESH_VERTEX  235	-25.916697	16.033587	10.241069
			*MESH_VERTEX  236	-16.021233	26.548725	10.932488
			*MESH_VERTEX  237	-19.616835	5.926877	12.626102
			*MESH_VERTEX  238	-14.936840	1.970400	7.917445
			*MESH_VERTEX  239	-23.446836	-7.143468	5.412718
			*MESH_VERTEX  240	-20.167250	-8.845167	0.832133
			*MESH_VERTEX  241	-24.091486	-5.976289	-0.453417
			*MESH_VERTEX  242	-24.199306	2.116417	8.184682
			*MESH_VERTEX  243	-25.223400	23.103205	1.057766
			*MESH_VERTEX  244	-13.695158	22.865499	0.867688
			*MESH_VERTEX  245	-16.042595	-5.892777	-0.481269
			*MESH_VERTEX  246	-26.306679	3.811689	0.209925
			*MESH_VERTEX  247	-16.533197	25.492981	1.480744
			*MESH_VERTEX  248	-12.457183	3.902573	-0.060137
			*MESH_VERTEX  249	-19.669638	21.910748	19.319950
			*MESH_VERTEX  250	-13.439054	9.382817	16.282452
			*MESH_VERTEX  251	-23.485615	9.862370	16.587523
			*MESH_VERTEX  252	-12.597982	19.997009	17.643934
			*MESH_VERTEX  253	-22.706738	21.153191	18.019379
			*MESH_VERTEX  254	-17.424519	-6.887286	5.133780
			*MESH_VERTEX  255	-1.795471	4.716220	83.549728
			*MESH_VERTEX  256	-0.413906	20.082813	87.911049
			*MESH_VERTEX  257	25.779062	22.180702	117.715599
			*MESH_VERTEX  258	30.069237	19.071079	117.860909
			*MESH_VERTEX  259	17.793768	15.279219	118.177505
			*MESH_VERTEX  260	19.676884	21.005184	117.811729
			*MESH_VERTEX  261	29.093096	10.350902	119.079933
			*MESH_VERTEX  262	24.534653	8.793934	119.234039
			*MESH_VERTEX  263	18.896284	10.813774	118.793816
			*MESH_VERTEX  264	30.681274	13.744684	118.544014
			*MESH_VERTEX  265	23.331179	24.558590	132.846985
			*MESH_VERTEX  266	15.310158	14.915636	130.768951
			*MESH_VERTEX  267	31.033045	12.918372	132.366898
			*MESH_VERTEX  268	28.959955	21.011524	132.814255
			*MESH_VERTEX  269	27.721025	8.039574	131.970337
			*MESH_VERTEX  270	23.342625	7.275925	131.229141
			*MESH_VERTEX  271	16.741211	9.330153	130.449417
			*MESH_VERTEX  272	16.071136	21.340773	131.429123
			*MESH_VERTEX  273	25.204430	23.730694	119.470436
			*MESH_VERTEX  274	23.728746	25.139942	130.633804
			*MESH_VERTEX  275	16.563564	14.979455	119.009537
			*MESH_VERTEX  276	14.772810	15.107117	128.349731
			*MESH_VERTEX  277	31.086681	19.974886	119.339813
			*MESH_VERTEX  278	30.281498	20.914623	130.241440
			*MESH_VERTEX  279	18.677603	21.674648	118.673637
			*MESH_VERTEX  280	15.912110	21.980297	129.237228
			*MESH_VERTEX  281	31.532566	13.021517	129.872345
			*MESH_VERTEX  282	31.645569	14.009463	119.795914
			*MESH_VERTEX  283	28.359159	8.474989	129.545288
			*MESH_VERTEX  284	29.220514	9.632317	119.965874
			*MESH_VERTEX  285	23.454573	6.869653	128.609894
			*MESH_VERTEX  286	24.213484	7.117919	119.955513
			*MESH_VERTEX  287	16.226925	9.182874	128.003525
			*MESH_VERTEX  288	17.760086	9.488371	119.595802
			*MESH_VERTEX  289	30.005501	17.796555	114.938690
			*MESH_VERTEX  290	26.157076	20.582466	114.277824
			*MESH_VERTEX  291	18.507210	14.714998	116.110985
			*MESH_VERTEX  292	20.577131	19.829662	115.226006
			*MESH_VERTEX  293	28.771084	9.963358	117.538864
			*MESH_VERTEX  294	24.567713	8.443389	118.095520
			*MESH_VERTEX  295	19.432673	10.390818	117.511665
			*MESH_VERTEX  296	29.971737	14.916361	106.498634
			*MESH_VERTEX  297	25.201458	17.722507	105.570145
			*MESH_VERTEX  298	17.782150	12.504230	108.490997
			*MESH_VERTEX  299	19.874603	16.182819	106.732689
			*MESH_VERTEX  300	28.755674	6.869849	110.196114
			*MESH_VERTEX  301	23.984692	5.182155	111.232063
			*MESH_VERTEX  302	18.556738	6.939508	110.869484
			*MESH_VERTEX  303	30.361221	13.252370	116.490013
			*MESH_VERTEX  304	30.418854	10.621959	108.332169
			*MESH_VERTEX  305	25.489933	6.097128	90.891113
			*MESH_VERTEX  306	21.947807	6.873353	90.906364
			*MESH_VERTEX  307	19.713524	3.729188	92.498932
			*MESH_VERTEX  308	27.702660	1.936684	92.956543
			*MESH_VERTEX  309	25.928604	-1.107093	94.555374
			*MESH_VERTEX  310	21.550163	-1.479710	94.560150
			*MESH_VERTEX  311	20.450745	5.427545	84.795624
			*MESH_VERTEX  312	16.936916	-0.883591	90.420341
			*MESH_VERTEX  313	26.906525	0.659621	81.658249
			*MESH_VERTEX  314	23.054625	-7.637512	84.940491
			*MESH_VERTEX  315	20.272284	-5.450228	87.726524
			*MESH_VERTEX  316	22.458359	4.904461	87.613968
			*MESH_VERTEX  317	19.407648	-3.413963	92.012703
			*MESH_VERTEX  318	25.503223	4.328141	86.590164
			*MESH_VERTEX  319	16.095673	-5.250299	81.990303
			*MESH_VERTEX  320	20.830912	2.576457	79.631676
			*MESH_VERTEX  321	21.825289	-7.691189	83.514603
			*MESH_VERTEX  322	25.771166	0.903424	80.510590
			*MESH_VERTEX  323	17.860403	-5.916954	87.665321
			*MESH_VERTEX  324	15.424978	-4.242692	86.222939
			*MESH_VERTEX  325	19.107731	-5.540246	82.680275
			*MESH_VERTEX  326	17.077259	-3.940696	81.827667
			*MESH_VERTEX  327	17.912867	-7.039619	82.709999
			*MESH_VERTEX  328	16.095673	-5.250299	81.990303
			*MESH_VERTEX  329	-27.804144	20.084789	118.384483
			*MESH_VERTEX  330	-31.452854	16.295176	118.932365
			*MESH_VERTEX  331	-18.731096	14.678648	118.077789
			*MESH_VERTEX  332	-21.605824	19.989256	117.940140
			*MESH_VERTEX  333	-28.907120	7.859317	119.765717
			*MESH_VERTEX  334	-24.161737	7.093042	119.413383
			*MESH_VERTEX  335	-19.002018	10.066808	118.600601
			*MESH_VERTEX  336	-31.080269	10.948237	119.549873
			*MESH_VERTEX  337	-24.790607	23.533772	132.673462
			*MESH_VERTEX  338	-15.384073	15.273217	130.557541
			*MESH_VERTEX  339	-30.419323	10.755848	133.269196
			*MESH_VERTEX  340	-29.735098	19.101183	133.177368
			*MESH_VERTEX  341	-26.344585	6.485906	132.901245
			*MESH_VERTEX  342	-21.941992	6.428589	131.915970
			*MESH_VERTEX  343	-15.844839	9.523489	130.604446
			*MESH_VERTEX  344	-17.192215	21.497932	130.951370
			*MESH_VERTEX  345	-27.399296	21.704662	119.839401
			*MESH_VERTEX  346	-25.436825	23.903378	130.471924
			*MESH_VERTEX  347	-17.400883	14.608231	118.815575
			*MESH_VERTEX  348	-15.032933	15.439334	128.090424
			*MESH_VERTEX  349	-32.508110	16.977892	120.284721
			*MESH_VERTEX  350	-31.178480	18.606001	130.726059
			*MESH_VERTEX  351	-20.684027	20.821636	118.624695
			*MESH_VERTEX  352	-17.295666	22.045387	128.722015
			*MESH_VERTEX  353	-31.055164	10.601434	130.830078
			*MESH_VERTEX  354	-31.964136	11.020719	120.838997
			*MESH_VERTEX  355	-27.157980	6.652359	130.512650
			*MESH_VERTEX  356	-28.804029	7.137984	120.790344
			*MESH_VERTEX  357	-22.102776	5.861367	129.325256
			*MESH_VERTEX  358	-23.465528	5.521511	120.247704
			*MESH_VERTEX  359	-15.440627	9.349207	128.120148
			*MESH_VERTEX  360	-17.568172	8.991363	119.439743
			*MESH_VERTEX  361	-31.465435	15.322472	116.415695
			*MESH_VERTEX  362	-28.205698	18.742201	115.585579
			*MESH_VERTEX  363	-19.571037	14.088539	115.984955
			*MESH_VERTEX  364	-22.505571	18.838516	115.788925
			*MESH_VERTEX  365	-28.725090	7.608728	118.053101
			*MESH_VERTEX  366	-24.301088	6.757304	117.971390
			*MESH_VERTEX  367	-19.638485	9.567081	117.027496
			*MESH_VERTEX  368	-32.165291	13.454544	107.970390
			*MESH_VERTEX  369	-28.031563	17.081894	106.844048
			*MESH_VERTEX  370	-19.592417	12.822450	108.073395
			*MESH_VERTEX  371	-22.425211	16.295496	107.108742
			*MESH_VERTEX  372	-29.282207	5.331256	110.348289
			*MESH_VERTEX  373	-24.217194	4.324990	110.538437
			*MESH_VERTEX  374	-19.206497	6.965544	109.746269
			*MESH_VERTEX  375	-30.920694	10.669173	117.533310
			*MESH_VERTEX  376	-31.720280	8.959039	109.239883
			*MESH_VERTEX  377	-28.788025	7.329375	90.768784
			*MESH_VERTEX  378	-25.434231	8.675842	90.461899
			*MESH_VERTEX  379	-22.556026	5.808796	91.419922
			*MESH_VERTEX  380	-30.048935	2.690794	92.605835
