*3DSMAX_ASCIIEXPORT	108
*COMMENT " [Zengine ASC Exporter v1.08] AsciiExport Version  1,08 - Tue Feb 19 15:50:08 2002"
*SCENE {
	*SCENE_FILENAME "Hum_KettenKerl_HelmScaled.max"
	*SCENE_FIRSTFRAME 0
	*SCENE_LASTFRAME 100
	*SCENE_FRAMESPEED 25
	*SCENE_TICKSPERFRAME 192
	*SCENE_BACKGROUND_STATIC 0.000000	0.000000	0.000000
	*SCENE_AMBIENT_STATIC 0.717647	0.717647	0.717647
}
*MATERIAL_LIST {
	*MATERIAL_COUNT 3
	*MATERIAL 0 {
		*MATERIAL_NAME "head"
		*MATERIAL_CLASS "Standard"
		*MATERIAL_AMBIENT 0.188235	0.141176	0.050980
		*MATERIAL_DIFFUSE 0.650980	0.627451	0.572549
		*MATERIAL_SPECULAR 0.900000	0.900000	0.900000
		*MATERIAL_SHINE 0.420000
		*MATERIAL_SHINESTRENGTH 0.190000
		*MATERIAL_TRANSPARENCY 0.000000
		*MATERIAL_WIRESIZE 1.000000
		*MATERIAL_SHADING Blinn
		*MATERIAL_XP_FALLOFF 0.000000
		*MATERIAL_SELFILLUM 0.000000
		*MATERIAL_FALLOFF In
		*MATERIAL_XP_TYPE Filter
		*MAP_DIFFUSE {
			*MAP_NAME "UpperArmR"
			*MAP_CLASS "Bitmap"
			*MAP_SUBNO 1
			*MAP_AMOUNT 1.000000
			*BITMAP "Hum_Head_V1_C1.tga"
			*MAP_TYPE Screen
			*UVW_U_OFFSET 0.000000
			*UVW_V_OFFSET 0.000000
			*UVW_U_TILING 1.000000
			*UVW_V_TILING 1.000000
			*UVW_ANGLE 0.000000
			*UVW_BLUR 1.000000
			*UVW_BLUR_OFFSET 0.000000
			*UVW_NOUSE_AMT 1.000000
			*UVW_NOISE_SIZE 1.000000
			*UVW_NOISE_LEVEL 1
			*UVW_NOISE_PHASE 0.000000
			*BITMAP_FILTER Pyramidal
		}
	}
	*MATERIAL 1 {
		*MATERIAL_NAME "Pal-Ruestung"
		*MATERIAL_CLASS "Standard"
		*MATERIAL_AMBIENT 0.435294	0.486275	0.533333
		*MATERIAL_DIFFUSE 0.592157	0.611765	0.623529
		*MATERIAL_SPECULAR 0.827451	0.827451	0.827451
		*MATERIAL_SHINE 0.220000
		*MATERIAL_SHINESTRENGTH 0.000000
		*MATERIAL_TRANSPARENCY 0.000000
		*MATERIAL_WIRESIZE 1.000000
		*MATERIAL_SHADING Blinn
		*MATERIAL_XP_FALLOFF 0.000000
		*MATERIAL_SELFILLUM 0.000000
		*MATERIAL_FALLOFF In
		*MATERIAL_XP_TYPE Filter
		*MAP_DIFFUSE {
			*MAP_NAME "Map #8"
			*MAP_CLASS "Bitmap"
			*MAP_SUBNO 1
			*MAP_AMOUNT 1.000000
			*BITMAP "KetPaladin.tga"
			*MAP_TYPE Screen
			*UVW_U_OFFSET 0.000000
			*UVW_V_OFFSET 0.000000
			*UVW_U_TILING 1.000000
			*UVW_V_TILING 1.000000
			*UVW_ANGLE 0.000000
			*UVW_BLUR 1.000000
			*UVW_BLUR_OFFSET 0.000000
			*UVW_NOUSE_AMT 1.000000
			*UVW_NOISE_SIZE 1.000000
			*UVW_NOISE_LEVEL 1
			*UVW_NOISE_PHASE 0.000000
			*BITMAP_FILTER Pyramidal
			*MAP_REFLECT 0.50000000
		}
		*MAP_BUMP {
			*MAP_NAME "Map #11"
			*MAP_CLASS "Bitmap"
			*MAP_SUBNO 8
			*MAP_AMOUNT 0.200000
			*BITMAP "Paladin.tga"
			*MAP_TYPE Screen
			*UVW_U_OFFSET 0.000000
			*UVW_V_OFFSET 0.000000
			*UVW_U_TILING 1.000000
			*UVW_V_TILING 1.000000
			*UVW_ANGLE 0.000000
			*UVW_BLUR 1.000000
			*UVW_BLUR_OFFSET 0.000000
			*UVW_NOUSE_AMT 1.000000
			*UVW_NOISE_SIZE 1.000000
			*UVW_NOISE_LEVEL 1
			*UVW_NOISE_PHASE 0.000000
			*BITMAP_FILTER Pyramidal
		}
	}
	*MATERIAL 2 {
		*MATERIAL_NAME "Pal-Helm"
		*MATERIAL_CLASS "Standard"
		*MATERIAL_AMBIENT 0.435294	0.486275	0.533333
		*MATERIAL_DIFFUSE 0.592157	0.611765	0.623529
		*MATERIAL_SPECULAR 0.827451	0.827451	0.827451
		*MATERIAL_SHINE 0.220000
		*MATERIAL_SHINESTRENGTH 0.000000
		*MATERIAL_TRANSPARENCY 0.000000
		*MATERIAL_WIRESIZE 1.000000
		*MATERIAL_SHADING Blinn
		*MATERIAL_XP_FALLOFF 0.000000
		*MATERIAL_SELFILLUM 0.000000
		*MATERIAL_FALLOFF In
		*MATERIAL_XP_TYPE Filter
		*MAP_DIFFUSE {
			*MAP_NAME "Map #12"
			*MAP_CLASS "Bitmap"
			*MAP_SUBNO 1
			*MAP_AMOUNT 1.000000
			*BITMAP "Pal-KetHelm.tga"
			*MAP_TYPE Screen
			*UVW_U_OFFSET 0.000000
			*UVW_V_OFFSET 0.000000
			*UVW_U_TILING 1.000000
			*UVW_V_TILING 1.000000
			*UVW_ANGLE 0.000000
			*UVW_BLUR 1.000000
			*UVW_BLUR_OFFSET 0.000000
			*UVW_NOUSE_AMT 1.000000
			*UVW_NOISE_SIZE 1.000000
			*UVW_NOISE_LEVEL 1
			*UVW_NOISE_PHASE 0.000000
			*BITMAP_FILTER Pyramidal
			*MAP_REFLECT 0.50000000
		}
		*MAP_BUMP {
			*MAP_NAME "Map #13"
			*MAP_CLASS "Bitmap"
			*MAP_SUBNO 8
			*MAP_AMOUNT 0.200000
			*BITMAP "Pal-Helm.tga"
			*MAP_TYPE Screen
			*UVW_U_OFFSET 0.000000
			*UVW_V_OFFSET 0.000000
			*UVW_U_TILING 1.000000
			*UVW_V_TILING 1.000000
			*UVW_ANGLE 0.000000
			*UVW_BLUR 1.000000
			*UVW_BLUR_OFFSET 0.000000
			*UVW_NOUSE_AMT 1.000000
			*UVW_NOISE_SIZE 1.000000
			*UVW_NOISE_LEVEL 1
			*UVW_NOISE_PHASE 0.000000
			*BITMAP_FILTER Pyramidal
		}
	}
}
*GEOMOBJECT {
	*NODE_NAME "Bip01"
	*NODE_TM {
		*NODE_NAME "Bip01"
		*TM_ROW0 0.024624	-0.993774	0.108663
		*TM_ROW1 0.999693	0.024771	-0.000000
		*TM_ROW2 -0.002692	0.108630	0.994079
		*TM_ROW3 0.143697	6.203871	100.712463
		*TM_POS 0.143697	6.203871	100.712463
		*TM_ROTAXIS 0.054328	0.055691	0.996969
		*TM_ROTANGLE 1.549058
		*TM_SCALE 1.000000	1.000000	1.000000
		*TM_SCALEAXIS 0.000000	-0.950111	0.311912
		*TM_SCALEAXISANG 0.065194
	}
	*WIREFRAME_COLOR 0.650980	0.792157	0.941177
}
*GEOMOBJECT {
	*NODE_NAME "Bip01 Footsteps"
	*NODE_PARENT "Bip01"
	*NODE_TM {
		*NODE_NAME "Bip01 Footsteps"
		*TM_ROW0 1.000000	0.000000	0.000000
		*TM_ROW1 0.000000	1.000000	0.000000
		*TM_ROW2 0.000000	0.000000	1.000000
		*TM_ROW3 0.143697	6.203871	-0.144161
		*TM_POS 0.143697	6.203871	-0.144161
		*TM_ROTAXIS 0.000000	0.000000	0.000000
		*TM_ROTANGLE 0.000000
		*TM_SCALE 1.000000	1.000000	1.000000
		*TM_SCALEAXIS 0.000000	0.000000	0.000000
		*TM_SCALEAXISANG 0.000000
	}
	*WIREFRAME_COLOR 0.650980	0.792157	0.941177
}
*GEOMOBJECT {
	*NODE_NAME "Bip01 Pelvis"
	*NODE_PARENT "Bip01"
	*NODE_TM {
		*NODE_NAME "Bip01 Pelvis"
		*TM_ROW0 -0.022491	0.108118	0.993884
		*TM_ROW1 0.024625	-0.993774	0.108663
		*TM_ROW2 0.999444	0.026919	0.019688
		*TM_ROW3 -0.138431	7.773397	100.540184
		*TM_POS -0.138431	7.773397	100.540184
		*TM_ROTAXIS -0.698797	-0.047531	-0.713740
		*TM_ROTANGLE 3.083070
		*TM_SCALE 1.000000	1.000000	1.000000
		*TM_SCALEAXIS 0.556063	0.716392	-0.421399
		*TM_SCALEAXISANG 0.033849
	}
	*WIREFRAME_COLOR 0.878431	0.776471	0.341176
}
*GEOMOBJECT {
	*NODE_NAME "Bip01 Spine"
	*NODE_PARENT "Bip01 Pelvis"
	*NODE_TM {
		*NODE_NAME "Bip01 Spine"
		*TM_ROW0 0.010153	-0.006162	0.999930
		*TM_ROW1 0.019719	-0.999785	-0.006361
		*TM_ROW2 0.999754	0.019782	-0.010029
		*TM_ROW3 -0.147048	8.122774	102.917503
		*TM_POS -0.147048	8.122774	102.917503
		*TM_ROTAXIS -0.710658	-0.004769	-0.703522
		*TM_ROTANGLE 3.159987
		*TM_SCALE 1.000000	1.000000	1.000000
		*TM_SCALEAXIS -0.000002	0.398138	0.917325
		*TM_SCALEAXISANG 0.027979
	}
	*WIREFRAME_COLOR 0.031373	0.431373	0.525490
}
*GEOMOBJECT {
	*NODE_NAME "Bip01 Spine1"
	*NODE_PARENT "Bip01 Spine"
	*NODE_TM {
		*NODE_NAME "Bip01 Spine1"
		*TM_ROW0 0.011512	-0.001294	0.999933
		*TM_ROW1 0.019101	-0.999816	-0.001514
		*TM_ROW2 0.999751	0.019117	-0.011485
		*TM_ROW3 -0.047471	8.072402	112.744026
		*TM_POS -0.047471	8.072402	112.744026
		*TM_ROTAXIS -0.711147	-0.006260	-0.703016
		*TM_ROTANGLE 3.156098
		*TM_SCALE 1.000000	1.000000	1.000000
		*TM_SCALEAXIS -0.709059	0.294908	0.640520
		*TM_SCALEAXISANG 0.028884
	}
	*WIREFRAME_COLOR 0.031373	0.431373	0.525490
}
*GEOMOBJECT {
	*NODE_NAME "Bip01 Spine2"
	*NODE_PARENT "Bip01 Spine1"
	*NODE_TM {
		*NODE_NAME "Bip01 Spine2"
		*TM_ROW0 0.011255	0.156123	0.987674
		*TM_ROW1 0.010597	-0.987699	0.156006
		*TM_ROW2 0.999880	0.008710	-0.012771
		*TM_ROW3 0.099506	8.079427	125.529243
		*TM_POS 0.099506	8.079427	125.529243
		*TM_ROTAXIS -0.710135	-0.058852	-0.701602
		*TM_ROTANGLE 3.037696
		*TM_SCALE 1.000000	1.000000	1.000000
		*TM_SCALEAXIS -0.047084	0.010393	-0.998837
		*TM_SCALEAXISANG 0.126796
	}
	*WIREFRAME_COLOR 0.031373	0.431373	0.525490
}
*GEOMOBJECT {
	*NODE_NAME "Bip01 Neck"
	*NODE_PARENT "Bip01 Spine2"
	*NODE_TM {
		*NODE_NAME "Bip01 Neck"
		*TM_ROW0 0.014202	-0.191106	0.981467
		*TM_ROW1 0.006108	-0.981531	-0.191207
		*TM_ROW2 0.999880	0.008710	-0.012772
		*TM_ROW3 0.436950	12.765956	155.144714
		*TM_POS 0.436950	12.765956	155.144714
		*TM_ROTAXIS -0.710378	0.065431	-0.700773
		*TM_ROTANGLE 3.282773
		*TM_SCALE 1.000000	1.000000	1.000000
		*TM_SCALEAXIS -0.675514	0.737347	-0.000000
		*TM_SCALEAXISANG 0.012028
	}
	*WIREFRAME_COLOR 0.031373	0.431373	0.525490
}
*GEOMOBJECT {
	*NODE_NAME "Bip01 L Clavicle"
	*NODE_PARENT "Bip01 Neck"
	*NODE_TM {
		*NODE_NAME "Bip01 L Clavicle"
		*TM_ROW0 0.964511	0.054777	-0.258299
		*TM_ROW1 -0.097366	0.983090	-0.155092
		*TM_ROW2 0.245436	0.174737	0.953535
		*TM_ROW3 8.313409	14.433426	149.355362
		*TM_POS 8.313409	14.433426	149.355362
		*TM_ROTAXIS 0.531096	-0.811123	-0.244982
		*TM_ROTANGLE 0.315737
		*TM_SCALE 1.000000	1.000000	1.000000
		*TM_SCALEAXIS -0.000000	0.914160	0.405354
		*TM_SCALEAXISANG 0.195120
	}
	*WIREFRAME_COLOR 0.109804	0.109804	0.694118
}
*GEOMOBJECT {
	*NODE_NAME "Bip01 L UpperArm"
	*NODE_PARENT "Bip01 L Clavicle"
	*NODE_TM {
		*NODE_NAME "Bip01 L UpperArm"
		*TM_ROW0 0.111290	-0.034231	-0.993198
		*TM_ROW1 0.334842	0.942261	0.005044
		*TM_ROW2 0.935679	-0.333126	0.116326
		*TM_ROW3 21.166485	15.163379	145.913254
		*TM_POS 21.166485	15.163379	145.913254
		*TM_ROTAXIS -0.169698	-0.967937	0.185206
		*TM_ROTANGLE 1.485755
		*TM_SCALE 1.000000	1.000000	1.000000
		*TM_SCALEAXIS 0.733991	-0.679159	0.000000
		*TM_SCALEAXISANG 0.331690
	}
	*WIREFRAME_COLOR 0.109804	0.109804	0.694118
}
*GEOMOBJECT {
	*NODE_NAME "Bip01 L Forearm"
	*NODE_PARENT "Bip01 L UpperArm"
	*NODE_TM {
		*NODE_NAME "Bip01 L Forearm"
		*TM_ROW0 -0.036279	-0.418752	-0.907376
		*TM_ROW1 0.350982	0.844792	-0.403903
		*TM_ROW2 0.935679	-0.333126	0.116326
		*TM_ROW3 24.272169	14.208124	118.196846
		*TM_POS 24.272169	14.208124	118.196846
		*TM_ROTAXIS 0.035414	-0.922179	0.385139
		*TM_ROTANGLE 1.608386
		*TM_SCALE 1.000000	1.000000	1.000000
		*TM_SCALEAXIS -0.000000	-0.024691	-0.999695
		*TM_SCALEAXISANG 0.177314
	}
	*WIREFRAME_COLOR 0.109804	0.109804	0.694118
}
*GEOMOBJECT {
	*NODE_NAME "Bip01 L Hand"
	*NODE_PARENT "Bip01 L Forearm"
	*NODE_TM {
		*NODE_NAME "Bip01 L Hand"
		*TM_ROW0 -0.114926	-0.479701	-0.869873
		*TM_ROW1 -0.936279	0.344905	-0.066502
		*TM_ROW2 0.331925	0.806800	-0.488773
		*TM_ROW3 23.263020	2.559988	92.957001
		*TM_POS 23.263020	2.559988	92.957001
		*TM_ROTAXIS 0.561910	-0.773274	-0.293776
		*TM_ROTANGLE 2.251573
		*TM_SCALE 1.000000	1.000000	1.000000
		*TM_SCALEAXIS 0.000000	0.000000	0.000000
		*TM_SCALEAXISANG 0.000000
	}
	*WIREFRAME_COLOR 0.109804	0.109804	0.694118
}
*GEOMOBJECT {
	*NODE_NAME "Bip01 L Finger0"
	*NODE_PARENT "Bip01 L Hand"
	*NODE_TM {
		*NODE_NAME "Bip01 L Finger0"
		*TM_ROW0 -0.114926	-0.479701	-0.869873
		*TM_ROW1 -0.936543	0.344263	-0.066113
		*TM_ROW2 0.331179	0.807075	-0.488826
		*TM_ROW3 21.783936	-3.613698	81.761864
		*TM_POS 21.783936	-3.613698	81.761864
		*TM_ROTAXIS 0.562040	-0.773074	-0.294053
		*TM_ROTANGLE 2.252021
		*TM_SCALE 1.000000	1.000000	1.000000
		*TM_SCALEAXIS 0.000000	0.000000	0.000000
		*TM_SCALEAXISANG 0.000000
	}
	*WIREFRAME_COLOR 0.525490	0.023529	0.023529
}
*HELPEROBJECT {
	*NODE_NAME "Dummy02"
	*NODE_PARENT "Bip01 L Finger0"
	*HELPER_CLASS "Dummy"
	*NODE_TM {
		*NODE_NAME "Dummy02"
		*TM_ROW0 -0.114926	-0.479701	-0.869873
		*TM_ROW1 -0.936543	0.344263	-0.066113
		*TM_ROW2 0.331179	0.807075	-0.488826
		*TM_ROW3 21.525059	-4.694252	79.802429
		*TM_POS 21.525059	-4.694252	79.802429
		*TM_ROTAXIS 0.562040	-0.773074	-0.294053
		*TM_ROTANGLE 2.252021
		*TM_SCALE 1.000000	1.000000	1.000000
		*TM_SCALEAXIS 0.000000	0.000000	0.000000
		*TM_SCALEAXISANG 0.000000
	}
	*BOUNDINGBOX_MIN 20.768009	-5.522706	79.163353
	*BOUNDINGBOX_MAX 22.282108	-3.865797	80.441505
}
*GEOMOBJECT {
	*NODE_NAME "Bip01 R Clavicle"
	*NODE_PARENT "Bip01 Neck"
	*NODE_TM {
		*NODE_NAME "Bip01 R Clavicle"
		*TM_ROW0 -0.962686	0.061330	-0.263580
		*TM_ROW1 0.105599	0.981902	-0.157215
		*TM_ROW2 0.249168	-0.179182	-0.951740
		*TM_ROW3 -7.612657	14.294642	149.558777
		*TM_POS -7.612657	14.294642	149.558777
		*TM_ROTAXIS -0.042645	-0.995387	0.085939
		*TM_ROTANGLE 2.881094
		*TM_SCALE 1.000000	1.000000	1.000000
		*TM_SCALEAXIS -0.000000	-0.857289	0.514836
		*TM_SCALEAXISANG 0.201333
	}
	*WIREFRAME_COLOR 0.023529	0.525490	0.023529
}
*GEOMOBJECT {
	*NODE_NAME "Bip01 R UpperArm"
	*NODE_PARENT "Bip01 R Clavicle"
	*NODE_TM {
		*NODE_NAME "Bip01 R UpperArm"
		*TM_ROW0 -0.160603	-0.093218	-0.982607
		*TM_ROW1 -0.499574	0.866271	-0.000528
		*TM_ROW2 0.851253	0.490801	-0.185695
		*TM_ROW3 -20.441412	15.111931	146.046310
		*TM_POS -20.441412	15.111931	146.046310
		*TM_ROTAXIS 0.253061	-0.944540	-0.209296
		*TM_ROTANGLE 1.813176
		*TM_SCALE 1.000000	1.000000	1.000000
		*TM_SCALEAXIS -0.871560	0.490289	-0.000000
		*TM_SCALEAXISANG 0.419043
	}
	*WIREFRAME_COLOR 0.023529	0.525490	0.023529
}
*GEOMOBJECT {
	*NODE_NAME "Bip01 R Forearm"
	*NODE_PARENT "Bip01 R UpperArm"
	*NODE_TM {
		*NODE_NAME "Bip01 R Forearm"
		*TM_ROW0 -0.032168	-0.304398	-0.952002
		*TM_ROW1 -0.523768	0.816368	-0.243332
		*TM_ROW2 0.851253	0.490801	-0.185695
		*TM_ROW3 -24.923227	12.510579	118.625450
		*TM_POS -24.923227	12.510579	118.625450
		*TM_ROTAXIS 0.374694	-0.920363	-0.111964
		*TM_ROTANGLE 1.772917
		*TM_SCALE 1.000000	1.000000	1.000000
		*TM_SCALEAXIS -0.999850	0.017327	0.000000
		*TM_SCALEAXISANG 0.551391
	}
	*WIREFRAME_COLOR 0.023529	0.525490	0.023529
}
*GEOMOBJECT {
	*NODE_NAME "Bip01 R Hand"
	*NODE_PARENT "Bip01 R Forearm"
	*NODE_TM {
		*NODE_NAME "Bip01 R Hand"
		*TM_ROW0 0.081071	-0.391256	-0.916704
		*TM_ROW1 0.854658	0.500506	-0.138035
		*TM_ROW2 0.512823	-0.772278	0.374966
		*TM_ROW3 -25.818008	4.043343	92.144279
		*TM_POS -25.818008	4.043343	92.144279
		*TM_ROTAXIS -0.317196	-0.714932	0.623104
		*TM_ROTANGLE 1.592526
		*TM_SCALE 1.000000	1.000000	1.000000
		*TM_SCALEAXIS -0.983827	-0.000000	0.179119
		*TM_SCALEAXISANG 0.374560
	}
	*WIREFRAME_COLOR 0.023529	0.525490	0.023529
}
*GEOMOBJECT {
	*NODE_NAME "Bip01 R Finger0"
	*NODE_PARENT "Bip01 R Hand"
	*NODE_TM {
		*NODE_NAME "Bip01 R Finger0"
		*TM_ROW0 0.081071	-0.391256	-0.916704
		*TM_ROW1 0.855066	0.499891	-0.137737
		*TM_ROW2 0.512142	-0.772676	0.375076
		*TM_ROW3 -24.774632	-0.992060	80.346428
		*TM_POS -24.774632	-0.992060	80.346428
		*TM_ROTAXIS -0.317546	-0.714596	0.623311
		*TM_ROTANGLE 1.592779
		*TM_SCALE 1.000000	1.000000	1.000000
		*TM_SCALEAXIS -0.902341	-0.000001	0.431022
		*TM_SCALEAXISANG 0.212112
	}
	*WIREFRAME_COLOR 0.878431	0.776471	0.341176
}
*HELPEROBJECT {
	*NODE_NAME "Dummy01"
	*NODE_PARENT "Bip01 R Finger0"
	*HELPER_CLASS "Dummy"
	*NODE_TM {
		*NODE_NAME "Dummy01"
		*TM_ROW0 0.081071	-0.391256	-0.916704
		*TM_ROW1 0.855066	0.499891	-0.137737
		*TM_ROW2 -0.512142	0.772676	-0.375076
		*TM_ROW3 -24.592014	-1.873384	78.281502
		*TM_POS -24.592014	-1.873384	78.281502
		*TM_ROTAXIS -0.570588	0.253553	-0.781114
		*TM_ROTANGLE 2.217981
		*TM_SCALE 1.000000	1.000000	1.000000
		*TM_SCALEAXIS 0.902341	0.000001	0.431022
		*TM_SCALEAXISANG 0.212112
	}
	*BOUNDINGBOX_MIN -25.392378	-2.736903	77.648560
	*BOUNDINGBOX_MAX -23.791651	-1.009866	78.914444
}
*GEOMOBJECT {
	*NODE_NAME "Bip01 Head"
	*NODE_PARENT "Bip01 Neck"
	*NODE_TM {
		*NODE_NAME "Bip01 Head"
		*TM_ROW0 -0.010611	0.002218	0.999941
		*TM_ROW1 -0.042484	-0.999096	0.001765
		*TM_ROW2 0.999041	-0.042462	0.010696
		*TM_ROW3 0.534079	11.458941	161.857178
		*TM_POS 0.534079	11.458941	161.857178
		*TM_ROTAXIS -0.703256	0.014318	-0.710792
		*TM_ROTANGLE 3.110143
		*TM_SCALE 1.000000	1.000000	1.000000
		*TM_SCALEAXIS 0.000001	0.622385	0.782711
		*TM_SCALEAXISANG 0.065543
	}
	*WIREFRAME_COLOR 0.694118	0.580392	0.101961
}
*HELPEROBJECT {
	*NODE_NAME "Dummy05"
	*NODE_PARENT "Bip01 Head"
	*HELPER_CLASS "Dummy"
	*NODE_TM {
		*NODE_NAME "Dummy05"
		*TM_ROW0 -0.010611	0.002218	0.999941
		*TM_ROW1 -0.042484	-0.999096	0.001765
		*TM_ROW2 0.999041	-0.042462	0.010696
		*TM_ROW3 0.295055	11.508893	184.381409
		*TM_POS 0.295055	11.508893	184.381409
		*TM_ROTAXIS -0.703256	0.014318	-0.710792
		*TM_ROTANGLE 3.110143
		*TM_SCALE 1.000000	1.000000	1.000000
		*TM_SCALEAXIS 0.000001	0.622385	0.782711
		*TM_SCALEAXISANG 0.065543
	}
	*BOUNDINGBOX_MIN -2.667437	8.569941	181.530792
	*BOUNDINGBOX_MAX 3.257547	14.447845	187.232025
}
*GEOMOBJECT {
	*NODE_NAME "Head_N"
	*NODE_PARENT "Bip01 Head"
	*NODE_TM {
		*NODE_NAME "Head_N"
		*TM_ROW0 23.748116	-0.922894	0.385669
		*TM_ROW1 0.971579	24.856525	-0.345480
		*TM_ROW2 -0.378651	0.350527	24.154762
		*TM_ROW3 0.383266	10.307191	171.371307
		*TM_POS 0.383266	10.307191	171.371307
		*TM_ROTAXIS 0.319690	0.359125	0.876828
		*TM_ROTANGLE 0.044425
		*TM_SCALE 23.769171	24.877907	24.160273
		*TM_SCALEAXIS 0.000000	0.000000	0.000000
		*TM_SCALEAXISANG 0.000000
	}
	*MATERIAL_REF 0
}
*GEOMOBJECT {
	*NODE_NAME "Bip01 L Thigh"
	*NODE_PARENT "Bip01 Spine"
	*NODE_TM {
		*NODE_NAME "Bip01 L Thigh"
		*TM_ROW0 0.111032	-0.016613	-0.993678
		*TM_ROW1 0.055193	-0.998214	0.022856
		*TM_ROW2 -0.992283	-0.057382	-0.109917
		*TM_ROW3 8.866776	8.015921	100.717567
		*TM_POS 8.866776	8.015921	100.717567
		*TM_ROTAXIS -0.745113	-0.012954	0.666812
		*TM_ROTANGLE 3.087724
		*TM_SCALE 1.000000	1.000000	1.000000
		*TM_SCALEAXIS -0.348945	0.937143	0.000000
		*TM_SCALEAXISANG 0.134407
	}
	*WIREFRAME_COLOR 0.109804	0.109804	0.694118
}
*GEOMOBJECT {
	*NODE_NAME "Bip01 L Calf"
	*NODE_PARENT "Bip01 L Thigh"
	*NODE_TM {
		*NODE_NAME "Bip01 L Calf"
		*TM_ROW0 0.099884	0.155329	-0.982800
		*TM_ROW1 0.073468	-0.986195	-0.148399
		*TM_ROW2 -0.992283	-0.057382	-0.109917
		*TM_ROW3 13.235309	7.362297	61.621471
		*TM_POS 13.235309	7.362297	61.621471
		*TM_ROTAXIS -0.741294	-0.077234	0.666722
		*TM_ROTANGLE 3.203022
		*TM_SCALE 1.000000	1.000000	1.000000
		*TM_SCALEAXIS -0.374983	0.927032	-0.000000
		*TM_SCALEAXISANG 0.183755
	}
	*WIREFRAME_COLOR 0.109804	0.109804	0.694118
}
*GEOMOBJECT {
	*NODE_NAME "Bip01 L Foot"
	*NODE_PARENT "Bip01 L Calf"
	*NODE_TM {
		*NODE_NAME "Bip01 L Foot"
		*TM_ROW0 -0.000836	0.033979	-0.999422
		*TM_ROW1 0.139869	-0.989594	-0.033761
		*TM_ROW2 -0.990170	-0.139816	-0.003926
		*TM_ROW3 18.139378	14.988585	13.368279
		*TM_POS 18.139378	14.988585	13.368279
		*TM_ROTAXIS -0.706311	-0.061621	0.705215
		*TM_ROTANGLE 3.066445
		*TM_SCALE 1.000000	1.000000	1.000000
		*TM_SCALEAXIS 0.000001	0.315713	-0.948855
		*TM_SCALEAXISANG 0.129139
	}
	*WIREFRAME_COLOR 0.109804	0.109804	0.694118
}
*GEOMOBJECT {
	*NODE_NAME "Bip01 L Toe0"
	*NODE_PARENT "Bip01 L Foot"
	*NODE_TM {
		*NODE_NAME "Bip01 L Toe0"
		*TM_ROW0 0.139869	-0.989594	-0.033761
		*TM_ROW1 0.000836	-0.033979	0.999422
		*TM_ROW2 -0.990170	-0.139816	-0.003926
		*TM_ROW3 21.295992	-6.990570	-0.015649
		*TM_POS 21.295992	-6.990570	-0.015649
		*TM_ROTAXIS -0.637498	0.535190	0.554228
		*TM_ROTANGLE 2.036462
		*TM_SCALE 1.000000	1.000000	1.000000
		*TM_SCALEAXIS 0.315713	-0.000001	-0.948855
		*TM_SCALEAXISANG 0.129139
	}
	*WIREFRAME_COLOR 0.423529	0.031373	0.533333
}
*HELPEROBJECT {
	*NODE_NAME "Dummy04"
	*NODE_PARENT "Bip01 L Toe0"
	*HELPER_CLASS "Dummy"
	*NODE_TM {
		*NODE_NAME "Dummy04"
		*TM_ROW0 0.139869	-0.989594	-0.033761
		*TM_ROW1 0.000836	-0.033979	0.999422
		*TM_ROW2 0.990170	0.139816	0.003926
		*TM_ROW3 21.485029	-8.328039	-0.061279
		*TM_POS 21.485029	-8.328039	-0.061279
		*TM_ROTAXIS -0.516645	-0.615408	0.595273
		*TM_ROTANGLE 4.124136
		*TM_SCALE 1.000000	1.000000	1.000000
		*TM_SCALEAXIS -0.315713	0.000001	-0.948855
		*TM_SCALEAXISANG 0.129139
	}
	*BOUNDINGBOX_MIN 21.118679	-8.609674	-0.407898
	*BOUNDINGBOX_MAX 21.851379	-8.046405	0.285340
}
*GEOMOBJECT {
	*NODE_NAME "Bip01 R Thigh"
	*NODE_PARENT "Bip01 Spine"
	*NODE_TM {
		*NODE_NAME "Bip01 R Thigh"
		*TM_ROW0 -0.123957	0.013520	-0.992196
		*TM_ROW1 -0.071559	-0.997425	-0.004651
		*TM_ROW2 -0.989704	0.070424	0.124605
		*TM_ROW3 -9.143637	7.530865	100.362801
		*TM_POS -9.143637	7.530865	100.362801
		*TM_ROTAXIS 0.661490	-0.021953	-0.749633
		*TM_ROTANGLE 3.084815
		*TM_SCALE 1.000000	1.000000	1.000000
		*TM_SCALEAXIS 0.602954	-0.088812	-0.792817
		*TM_SCALEAXISANG 0.097245
	}
	*WIREFRAME_COLOR 0.023529	0.525490	0.023529
}
*GEOMOBJECT {
	*NODE_NAME "Bip01 R Calf"
	*NODE_PARENT "Bip01 R Thigh"
	*NODE_TM {
		*NODE_NAME "Bip01 R Calf"
		*TM_ROW0 -0.113836	0.140419	-0.983526
		*TM_ROW1 -0.086761	-0.987584	-0.130956
		*TM_ROW2 -0.989704	0.070424	0.124605
		*TM_ROW3 -14.020700	8.062795	61.325035
		*TM_POS -14.020700	8.062795	61.325035
		*TM_ROTAXIS 0.663201	0.020345	-0.748165
		*TM_ROTANGLE 2.989179
		*TM_SCALE 1.000000	1.000000	1.000000
		*TM_SCALEAXIS 0.000000	0.434092	-0.900868
		*TM_SCALEAXISANG 0.128409
	}
	*WIREFRAME_COLOR 0.023529	0.525490	0.023529
}
*GEOMOBJECT {
	*NODE_NAME "Bip01 R Foot"
	*NODE_PARENT "Bip01 R Calf"
	*NODE_TM {
		*NODE_NAME "Bip01 R Foot"
		*TM_ROW0 -0.018489	0.022570	-0.999574
		*TM_ROW1 -0.089770	-0.995745	-0.020823
		*TM_ROW2 -0.995791	0.089347	0.020437
		*TM_ROW3 -19.609768	14.957039	13.036191
		*TM_POS -19.609768	14.957039	13.036191
		*TM_ROTAXIS 0.699975	-0.024038	-0.713763
		*TM_ROTANGLE 3.062815
		*TM_SCALE 1.000000	1.000000	1.000000
		*TM_SCALEAXIS 0.949095	0.314989	-0.000000
		*TM_SCALEAXISANG 0.060040
	}
	*WIREFRAME_COLOR 0.023529	0.525490	0.023529
}
*GEOMOBJECT {
	*NODE_NAME "Bip01 R Toe0"
	*NODE_PARENT "Bip01 R Foot"
	*NODE_TM {
		*NODE_NAME "Bip01 R Toe0"
		*TM_ROW0 -0.089770	-0.995745	-0.020823
		*TM_ROW1 0.018489	-0.022570	0.999574
		*TM_ROW2 -0.995791	0.089347	0.020437
		*TM_ROW3 -21.875973	-7.305441	-0.056691
		*TM_POS -21.875973	-7.305441	-0.056691
		*TM_ROTAXIS 0.543214	-0.581850	-0.605284
		*TM_ROTANGLE 4.134864
		*TM_SCALE 1.000000	1.000000	1.000000
		*TM_SCALEAXIS 0.314989	-0.949095	0.000000
		*TM_SCALEAXISANG 0.060040
	}
	*WIREFRAME_COLOR 0.443137	0.525490	0.023529
}
*HELPEROBJECT {
	*NODE_NAME "Dummy03"
	*NODE_PARENT "Bip01 R Toe0"
	*HELPER_CLASS "Dummy"
	*NODE_TM {
		*NODE_NAME "Dummy03"
		*TM_ROW0 -0.089770	-0.995745	-0.020823
		*TM_ROW1 0.018489	-0.022570	0.999574
		*TM_ROW2 -0.995791	0.089347	0.020437
		*TM_ROW3 -21.997301	-8.651223	-0.084834
		*TM_POS -21.997301	-8.651223	-0.084834
		*TM_ROTAXIS 0.543214	-0.581850	-0.605284
		*TM_ROTANGLE 4.134864
		*TM_SCALE 1.000000	1.000000	1.000000
		*TM_SCALEAXIS 0.314989	-0.949095	0.000000
		*TM_SCALEAXISANG 0.060040
	}
	*BOUNDINGBOX_MIN -22.360231	-8.913335	-0.434169
	*BOUNDINGBOX_MAX -21.634371	-8.389112	0.264501
}
*GEOMOBJECT {
	*NODE_NAME "zm_Pal"
	*NODE_TM {
		*NODE_NAME "zm_Pal"
		*TM_ROW0 1.000000	0.000000	0.000000
		*TM_ROW1 0.000000	1.000000	0.000000
		*TM_ROW2 0.000000	0.000000	1.000000
		*TM_ROW3 0.000004	3.741303	83.406830
		*TM_POS 0.000004	3.741303	83.406830
		*TM_ROTAXIS 0.000000	0.000000	0.000000
		*TM_ROTANGLE 0.000000
		*TM_SCALE 1.000000	1.000000	1.000000
		*TM_SCALEAXIS 0.000000	0.000000	0.000000
		*TM_SCALEAXISANG 0.000000
	}
	*MATERIAL_REF 1
	*MESH_SOFTSKIN {
		*TIMEVALUE 0
		*MESH_NUMVERTEX 457
		*MESH_NUMFACES 864
		*MESH_VERTEX_LIST {
			*MESH_VERTEX    0	12.869291	15.480439	135.041122
			*MESH_VERTEX    1	17.620054	8.135979	137.318283
			*MESH_VERTEX    2	16.046850	9.416260	114.415932
			*MESH_VERTEX    3	0.038038	-6.726956	114.720642
			*MESH_VERTEX    4	9.597697	-2.144231	115.182190
			*MESH_VERTEX    5	16.211090	0.355587	145.228516
			*MESH_VERTEX    6	17.518074	8.120823	155.861938
			*MESH_VERTEX    7	0.542490	-0.131185	153.064606
			*MESH_VERTEX    8	0.439848	-7.161386	137.291199
			*MESH_VERTEX    9	18.155579	11.268651	125.035164
			*MESH_VERTEX   10	0.338622	-8.076074	125.069595
			*MESH_VERTEX   11	11.549084	-2.627466	125.162521
			*MESH_VERTEX   12	19.178850	6.043898	132.829880
			*MESH_VERTEX   13	13.144093	-2.179377	136.427811
			*MESH_VERTEX   14	0.518595	11.491852	160.667191
			*MESH_VERTEX   15	15.202284	4.904992	152.482620
			*MESH_VERTEX   16	0.506803	-6.016986	146.780487
			*MESH_VERTEX   17	17.027716	14.662215	157.976212
			*MESH_VERTEX   18	0.443057	2.801505	148.573669
			*MESH_VERTEX   19	0.178101	3.016149	161.588333
			*MESH_VERTEX   20	7.519775	7.994365	156.287781
			*MESH_VERTEX   21	9.353978	16.092319	157.010315
			*MESH_VERTEX   22	4.736010	5.164442	162.622543
			*MESH_VERTEX   23	7.011598	8.952245	164.943848
			*MESH_VERTEX   24	3.800902	-7.928752	105.491562
			*MESH_VERTEX   25	13.856621	-2.844182	105.650093
			*MESH_VERTEX   26	19.190039	10.504184	105.241615
			*MESH_VERTEX   27	9.017486	-13.028186	79.174934
			*MESH_VERTEX   28	20.604410	-9.642494	80.177696
			*MESH_VERTEX   29	26.277525	10.391520	79.671814
			*MESH_VERTEX   30	6.351319	-10.276517	92.798172
			*MESH_VERTEX   31	17.271103	-6.006837	93.125328
			*MESH_VERTEX   32	23.493444	9.774840	92.376770
			*MESH_VERTEX   33	4.985599	-8.961126	91.394257
			*MESH_VERTEX   34	14.369697	-2.849739	91.940544
			*MESH_VERTEX   35	19.827122	7.519076	92.117310
			*MESH_VERTEX   36	6.781938	-10.429399	73.428085
			*MESH_VERTEX   37	18.963705	-5.306539	74.287445
			*MESH_VERTEX   38	24.255489	6.730812	73.523438
			*MESH_VERTEX   39	-0.106282	6.344527	79.166466
			*MESH_VERTEX   40	-2.972438	-8.235109	105.444862
			*MESH_VERTEX   41	-6.083900	-10.447377	73.145645
			*MESH_VERTEX   42	-4.208700	-9.219104	91.130836
			*MESH_VERTEX   43	-18.535553	-6.655956	74.110275
			*MESH_VERTEX   44	-24.461140	5.603134	73.187408
			*MESH_VERTEX   45	-13.877150	-3.683882	91.516006
			*MESH_VERTEX   46	-20.020813	6.354860	91.738167
			*MESH_VERTEX   47	-16.184248	8.757300	114.704201
			*MESH_VERTEX   48	-9.750958	-2.929083	114.627304
			*MESH_VERTEX   49	-13.508705	-3.664585	105.157791
			*MESH_VERTEX   50	-19.642546	9.415785	105.016121
			*MESH_VERTEX   51	-8.162642	-13.780913	79.068893
			*MESH_VERTEX   52	-19.916014	-10.997028	80.061134
			*MESH_VERTEX   53	-26.608074	8.828317	79.229370
			*MESH_VERTEX   54	-5.512213	-10.684345	92.684296
			*MESH_VERTEX   55	-16.731138	-7.020329	92.923340
			*MESH_VERTEX   56	-23.802141	8.381001	91.858986
			*MESH_VERTEX   57	-12.294127	15.840212	134.862061
			*MESH_VERTEX   58	-16.689426	8.172863	137.272614
			*MESH_VERTEX   59	-15.631775	0.124012	145.218231
			*MESH_VERTEX   60	-16.978407	7.923515	156.053452
			*MESH_VERTEX   61	-18.023857	10.897297	125.489563
			*MESH_VERTEX   62	-11.032866	-2.961926	125.435890
			*MESH_VERTEX   63	-18.472395	5.382948	133.201614
			*MESH_VERTEX   64	-12.463081	-2.468791	136.583069
			*MESH_VERTEX   65	-14.679533	4.680461	152.641846
			*MESH_VERTEX   66	-16.430761	14.539692	158.252670
			*MESH_VERTEX   67	-6.530163	7.871956	156.467239
			*MESH_VERTEX   68	-8.486104	15.936891	157.238190
			*MESH_VERTEX   69	-4.202157	5.544360	162.526855
			*MESH_VERTEX   70	-6.197244	9.513689	164.802429
			*MESH_VERTEX   71	-0.317353	21.103106	114.186371
			*MESH_VERTEX   72	9.649745	18.963465	114.169739
			*MESH_VERTEX   73	0.039323	26.852428	137.434464
			*MESH_VERTEX   74	13.325924	20.748375	132.009689
			*MESH_VERTEX   75	0.346416	24.989288	156.393875
			*MESH_VERTEX   76	-0.163714	25.620907	124.946091
			*MESH_VERTEX   77	12.247952	21.457380	124.952667
			*MESH_VERTEX   78	13.266461	24.204578	136.347290
			*MESH_VERTEX   79	-0.991732	27.666328	151.728149
			*MESH_VERTEX   80	0.433445	20.850344	160.384109
			*MESH_VERTEX   81	15.058002	19.495285	158.545013
			*MESH_VERTEX   82	9.977070	25.655350	153.191986
			*MESH_VERTEX   83	11.088835	23.930122	155.259644
			*MESH_VERTEX   84	0.715094	17.242815	167.912811
			*MESH_VERTEX   85	0.394931	20.541721	157.158356
			*MESH_VERTEX   86	5.946916	15.053841	167.121582
			*MESH_VERTEX   87	6.904438	28.738586	152.810730
			*MESH_VERTEX   88	-10.186982	18.557644	114.347008
			*MESH_VERTEX   89	-12.349995	20.903311	132.042496
			*MESH_VERTEX   90	-12.419228	21.124189	125.300293
			*MESH_VERTEX   91	-15.040148	23.760761	137.266647
			*MESH_VERTEX   92	-14.397243	19.435230	158.870316
			*MESH_VERTEX   93	-9.176500	25.659355	153.492538
			*MESH_VERTEX   94	-10.322749	23.914837	155.576706
			*MESH_VERTEX   95	-4.665482	15.504923	167.007965
			*MESH_VERTEX   96	-8.898791	26.429783	149.810074
			*MESH_VERTEX   97	13.409256	20.781458	104.332443
			*MESH_VERTEX   98	20.226490	22.279472	77.760063
			*MESH_VERTEX   99	18.294777	21.396757	90.870239
			*MESH_VERTEX  100	7.540270	26.698631	76.175079
			*MESH_VERTEX  101	5.510643	27.861158	88.820610
			*MESH_VERTEX  102	2.927469	25.765404	102.990295
			*MESH_VERTEX  103	16.861288	18.011826	90.978210
			*MESH_VERTEX  104	4.373291	26.611357	88.497124
			*MESH_VERTEX  105	-3.938361	25.604258	102.909393
			*MESH_VERTEX  106	-5.745547	24.115152	70.383904
			*MESH_VERTEX  107	-5.335011	26.218809	88.405304
			*MESH_VERTEX  108	4.747802	24.458521	70.550453
			*MESH_VERTEX  109	-14.381172	20.089153	104.260666
			*MESH_VERTEX  110	-21.155848	20.953327	77.101974
			*MESH_VERTEX  111	-19.415655	20.262930	90.371582
			*MESH_VERTEX  112	-8.706867	26.237961	75.791641
			*MESH_VERTEX  113	-6.768517	27.544672	88.736732
			*MESH_VERTEX  114	-17.786606	16.970257	90.544662
			*MESH_VERTEX  115	19.284084	19.255785	72.096138
			*MESH_VERTEX  116	-20.130007	17.829517	71.619072
			*MESH_VERTEX  117	-14.090918	12.310133	13.831894
			*MESH_VERTEX  118	-11.062601	19.541458	14.442696
			*MESH_VERTEX  119	-10.947025	17.590084	17.588898
			*MESH_VERTEX  120	-10.741415	14.040178	19.258102
			*MESH_VERTEX  121	-13.549066	11.139436	14.816895
			*MESH_VERTEX  122	-14.478904	9.853933	11.321487
			*MESH_VERTEX  123	-11.853216	11.862789	7.546707
			*MESH_VERTEX  124	-11.417808	16.797258	7.971695
			*MESH_VERTEX  125	-11.251969	19.369623	10.694633
			*MESH_VERTEX  126	-11.480037	14.957537	13.113441
			*MESH_VERTEX  127	-11.647789	13.521732	14.751740
			*MESH_VERTEX  128	-11.930858	12.972574	12.001427
			*MESH_VERTEX  129	-11.246882	13.091650	13.345039
			*MESH_VERTEX  130	-23.666292	13.258682	14.997398
			*MESH_VERTEX  131	-25.292048	20.632339	16.223892
			*MESH_VERTEX  132	-25.134180	18.749151	19.562462
			*MESH_VERTEX  133	-25.767399	15.334888	21.489861
			*MESH_VERTEX  134	-24.415462	12.663666	18.507660
			*MESH_VERTEX  135	-23.987350	10.909024	13.227554
			*MESH_VERTEX  136	-26.981758	12.955153	9.652206
			*MESH_VERTEX  137	-26.441420	17.853716	9.897774
			*MESH_VERTEX  138	-25.675989	20.507929	12.399040
			*MESH_VERTEX  139	-25.850792	16.034084	15.130577
			*MESH_VERTEX  140	-25.717239	14.622019	16.792023
			*MESH_VERTEX  141	-25.992098	14.606009	13.843132
			*MESH_VERTEX  142	-28.435865	14.684064	15.980537
			*MESH_VERTEX  143	-28.024689	0.605213	140.214844
			*MESH_VERTEX  144	-17.822157	28.301590	149.578003
			*MESH_VERTEX  145	-26.846466	31.027929	141.241898
			*MESH_VERTEX  146	-26.893806	16.850239	155.517975
			*MESH_VERTEX  147	-25.038960	9.648023	151.844482
			*MESH_VERTEX  148	-19.978722	-1.123210	140.890961
			*MESH_VERTEX  149	-20.126123	31.998461	138.343369
			*MESH_VERTEX  150	-25.249660	24.825668	154.390427
			*MESH_VERTEX  151	-33.810890	5.706860	141.850967
			*MESH_VERTEX  152	-35.321178	25.409124	144.281540
			*MESH_VERTEX  153	-33.988071	16.675014	150.422195
			*MESH_VERTEX  154	-31.681488	9.697950	146.847153
			*MESH_VERTEX  155	-38.961178	15.349449	144.103058
			*MESH_VERTEX  156	-32.150780	24.214928	149.257156
			*MESH_VERTEX  157	-14.799177	27.633923	145.793884
			*MESH_VERTEX  158	-25.855907	6.590956	142.209610
			*MESH_VERTEX  159	-29.387157	24.781536	144.428696
			*MESH_VERTEX  160	-17.186619	24.262348	137.961624
			*MESH_VERTEX  161	-19.972082	6.683358	140.625046
			*MESH_VERTEX  162	-30.493513	15.936858	145.654907
			*MESH_VERTEX  163	-20.870493	29.071802	140.219116
			*MESH_VERTEX  164	-22.823051	5.560462	133.704742
			*MESH_VERTEX  165	-33.436249	21.619850	133.915848
			*MESH_VERTEX  166	-21.760160	25.371616	133.912170
			*MESH_VERTEX  167	-15.867530	19.201336	133.722168
			*MESH_VERTEX  168	-17.741682	7.790275	131.965576
			*MESH_VERTEX  169	-15.928111	13.552711	133.143753
			*MESH_VERTEX  170	-32.769833	12.117979	135.053955
			*MESH_VERTEX  171	-29.480000	26.775745	132.285172
			*MESH_VERTEX  172	-11.267258	-7.448567	57.177757
			*MESH_VERTEX  173	-18.257366	-7.135182	57.699364
			*MESH_VERTEX  174	-6.592183	16.820456	48.306412
			*MESH_VERTEX  175	-13.299803	15.730241	19.156036
			*MESH_VERTEX  176	-23.591133	13.822701	19.941483
			*MESH_VERTEX  177	-24.165213	17.172449	50.196339
			*MESH_VERTEX  178	-15.086193	22.117676	18.193497
			*MESH_VERTEX  179	-15.017311	23.349577	50.111542
			*MESH_VERTEX  180	-20.376549	8.478596	19.709259
			*MESH_VERTEX  181	-23.248911	8.542308	50.475994
			*MESH_VERTEX  182	-7.477818	10.512065	48.657761
			*MESH_VERTEX  183	-16.043676	8.981461	19.364212
			*MESH_VERTEX  184	-13.112844	16.171007	12.678047
			*MESH_VERTEX  185	-25.142239	16.714836	14.270897
			*MESH_VERTEX  186	-18.288288	23.501934	13.612534
			*MESH_VERTEX  187	-19.261740	7.280087	14.375168
			*MESH_VERTEX  188	-19.057392	6.510307	83.533455
			*MESH_VERTEX  189	-13.303246	16.602131	81.939621
			*MESH_VERTEX  190	-0.475440	6.942698	80.989342
			*MESH_VERTEX  191	-5.883674	-3.602717	81.834564
			*MESH_VERTEX  192	-14.921939	-2.689911	82.783134
			*MESH_VERTEX  193	-5.488449	15.491002	81.062263
			*MESH_VERTEX  194	-22.206697	7.115987	59.780743
			*MESH_VERTEX  195	-17.622381	16.715687	61.997810
			*MESH_VERTEX  196	-9.856776	16.371040	60.718189
			*MESH_VERTEX  197	-4.881415	7.592835	57.864059
			*MESH_VERTEX  198	-9.362169	-5.371939	64.784233
			*MESH_VERTEX  199	-18.785723	-5.038599	65.755608
			*MESH_VERTEX  200	-11.835732	0.013847	49.368355
			*MESH_VERTEX  201	-19.789595	0.141028	50.389652
			*MESH_VERTEX  202	-20.411753	22.409883	18.475540
			*MESH_VERTEX  203	-18.615393	-2.508554	65.774612
			*MESH_VERTEX  204	-9.165141	-2.877109	65.076126
			*MESH_VERTEX  205	-15.414993	0.910601	8.178352
			*MESH_VERTEX  206	-19.360710	-10.639410	5.280571
			*MESH_VERTEX  207	-19.583340	-11.940607	-0.294952
			*MESH_VERTEX  208	-27.311754	-5.540144	-0.074707
			*MESH_VERTEX  209	-24.945349	2.004680	8.327751
			*MESH_VERTEX  210	-25.709551	19.927303	-1.039200
			*MESH_VERTEX  211	-15.578281	18.921181	-1.237572
			*MESH_VERTEX  212	-15.476718	-9.251240	-0.645668
			*MESH_VERTEX  213	-29.039371	3.684734	-0.848267
			*MESH_VERTEX  214	-19.446192	23.487276	0.863945
			*MESH_VERTEX  215	-12.035790	1.042177	-0.714462
			*MESH_VERTEX  216	13.537964	13.136499	14.097412
			*MESH_VERTEX  217	9.977320	19.938406	14.754326
			*MESH_VERTEX  218	10.142159	18.030214	17.932442
			*MESH_VERTEX  219	10.244196	14.520380	19.639435
			*MESH_VERTEX  220	13.192747	11.756237	15.210587
			*MESH_VERTEX  221	14.080335	10.594119	11.628387
			*MESH_VERTEX  222	11.357287	12.458286	7.852158
			*MESH_VERTEX  223	10.622813	17.320711	8.289642
			*MESH_VERTEX  224	10.239905	19.845755	10.975433
			*MESH_VERTEX  225	10.829018	15.421746	13.467499
			*MESH_VERTEX  226	11.137394	14.021077	15.124245
			*MESH_VERTEX  227	11.386517	13.576539	12.315536
			*MESH_VERTEX  228	10.703657	13.697809	13.645020
			*MESH_VERTEX  229	22.908623	14.310166	15.353210
			*MESH_VERTEX  230	24.497267	21.769861	16.562805
			*MESH_VERTEX  231	24.338539	19.896772	19.913506
			*MESH_VERTEX  232	24.918598	16.508760	21.846180
			*MESH_VERTEX  233	23.494823	13.739321	18.855164
			*MESH_VERTEX  234	23.525408	12.123649	13.534050
			*MESH_VERTEX  235	26.417442	14.289719	9.964508
			*MESH_VERTEX  236	25.715002	19.081715	10.257034
			*MESH_VERTEX  237	24.831345	21.698412	12.707039
			*MESH_VERTEX  238	25.161354	17.208414	15.488548
			*MESH_VERTEX  239	24.992493	15.790134	17.152573
			*MESH_VERTEX  240	25.347218	15.881563	14.161934
			*MESH_VERTEX  241	27.748159	15.987628	16.343956
			*MESH_VERTEX  242	29.253523	1.221615	139.914566
			*MESH_VERTEX  243	16.634560	28.977238	147.899765
			*MESH_VERTEX  244	26.699179	31.150557	140.916672
			*MESH_VERTEX  245	26.060730	16.291014	155.734436
			*MESH_VERTEX  246	24.413671	7.861624	151.608200
			*MESH_VERTEX  247	20.725058	3.438463	142.222427
			*MESH_VERTEX  248	19.944830	31.783258	138.236511
			*MESH_VERTEX  249	23.908550	25.399261	154.132172
			*MESH_VERTEX  250	34.780537	6.527633	141.357346
			*MESH_VERTEX  251	34.629692	26.208111	142.339081
			*MESH_VERTEX  252	33.586361	16.414537	150.022263
			*MESH_VERTEX  253	31.239098	8.234348	145.950912
			*MESH_VERTEX  254	39.478119	16.279421	143.423386
			*MESH_VERTEX  255	31.167578	25.010195	148.634445
			*MESH_VERTEX  256	13.278019	28.109377	142.518250
			*MESH_VERTEX  257	26.861427	7.019627	141.951920
			*MESH_VERTEX  258	29.559322	25.118847	144.018692
			*MESH_VERTEX  259	17.381983	24.017954	137.959442
			*MESH_VERTEX  260	20.998844	6.828166	140.554077
			*MESH_VERTEX  261	31.084682	16.455788	145.219879
			*MESH_VERTEX  262	20.849285	28.936295	140.083664
			*MESH_VERTEX  263	24.498037	6.491417	132.932098
			*MESH_VERTEX  264	32.152172	24.144587	133.505234
			*MESH_VERTEX  265	20.042500	25.775650	134.351685
			*MESH_VERTEX  266	15.299349	18.685316	134.124359
			*MESH_VERTEX  267	19.010143	7.864058	131.609543
			*MESH_VERTEX  268	16.295330	13.160917	133.222122
			*MESH_VERTEX  269	33.218857	14.628016	134.121902
			*MESH_VERTEX  270	27.257195	28.594566	132.399002
			*MESH_VERTEX  271	11.659029	-6.351406	57.594612
			*MESH_VERTEX  272	18.623055	-5.696683	58.136311
			*MESH_VERTEX  273	5.814862	17.578300	48.576401
			*MESH_VERTEX  274	12.605373	16.481503	19.439140
			*MESH_VERTEX  275	22.975809	15.080807	20.250790
			*MESH_VERTEX  276	23.348249	18.797142	50.474102
			*MESH_VERTEX  277	14.082678	22.937519	18.412384
			*MESH_VERTEX  278	13.913426	24.524965	50.316696
			*MESH_VERTEX  279	20.023024	9.585759	20.071239
			*MESH_VERTEX  280	22.848757	10.138586	50.843643
			*MESH_VERTEX  281	7.003389	11.321032	48.994293
			*MESH_VERTEX  282	15.671343	9.875449	19.718231
			*MESH_VERTEX  283	12.315628	16.694544	13.017342
			*MESH_VERTEX  284	24.463928	17.852222	14.626274
			*MESH_VERTEX  285	17.209249	24.420204	13.907997
			*MESH_VERTEX  286	19.313503	8.302708	14.701736
			*MESH_VERTEX  287	18.831606	8.010689	83.891861
			*MESH_VERTEX  288	12.562887	17.543859	82.450806
			*MESH_VERTEX  289	0.232656	7.921438	81.389984
			*MESH_VERTEX  290	6.213826	-3.023952	82.082382
			*MESH_VERTEX  291	15.191377	-1.646686	83.026031
			*MESH_VERTEX  292	4.812066	16.037601	81.572311
			*MESH_VERTEX  293	21.869541	8.741028	60.147682
			*MESH_VERTEX  294	16.817345	18.110624	62.341652
			*MESH_VERTEX  295	9.079591	17.382265	61.052158
			*MESH_VERTEX  296	4.542689	8.360537	58.224079
			*MESH_VERTEX  297	9.663005	-4.365527	65.128716
			*MESH_VERTEX  298	19.058613	-3.565262	66.098923
			*MESH_VERTEX  299	11.862396	1.056823	49.809818
			*MESH_VERTEX  300	19.799746	1.578135	50.834335
			*MESH_VERTEX  301	19.387608	23.489185	18.694885
			*MESH_VERTEX  302	18.762712	-1.046844	66.121010
			*MESH_VERTEX  303	9.342260	-1.883933	65.423645
			*MESH_VERTEX  304	15.458305	1.714297	8.473801
			*MESH_VERTEX  305	19.971191	-9.626125	5.576004
			*MESH_VERTEX  306	20.257992	-10.914695	0.000488
			*MESH_VERTEX  307	27.659941	-4.139341	0.220741
			*MESH_VERTEX  308	24.922781	3.279022	8.623199
			*MESH_VERTEX  309	24.798443	21.217510	-0.743736
			*MESH_VERTEX  310	14.729432	19.710871	-0.942116
			*MESH_VERTEX  311	16.023220	-8.432005	-0.350235
			*MESH_VERTEX  312	28.928585	5.159779	-0.552811
			*MESH_VERTEX  313	18.366434	24.462915	1.159409
			*MESH_VERTEX  314	12.076738	1.678367	-0.419014
			*MESH_VERTEX  315	18.050871	10.497983	119.251564
			*MESH_VERTEX  316	-17.985258	9.636581	118.960510
			*MESH_VERTEX  317	9.719876	-2.684916	119.340477
			*MESH_VERTEX  318	-10.015324	-3.569694	118.852692
			*MESH_VERTEX  319	-11.120726	21.827053	120.036987
			*MESH_VERTEX  320	10.517429	22.273535	118.972633
			*MESH_VERTEX  321	-0.183585	22.558739	120.941238
			*MESH_VERTEX  322	-0.059128	-5.962225	119.559334
			*MESH_VERTEX  323	26.935490	7.401146	89.887100
			*MESH_VERTEX  324	23.039368	7.459247	90.618652
			*MESH_VERTEX  325	17.914572	3.141903	94.030975
			*MESH_VERTEX  326	28.998245	0.819839	92.379951
			*MESH_VERTEX  327	26.698458	-2.314896	94.678833
			*MESH_VERTEX  328	20.542662	-1.395806	96.674301
			*MESH_VERTEX  329	32.372589	19.929449	107.937172
			*MESH_VERTEX  330	26.686945	21.950502	107.197929
			*MESH_VERTEX  331	17.475426	14.425503	112.960190
			*MESH_VERTEX  332	20.713449	20.280998	109.232979
			*MESH_VERTEX  333	31.428591	6.877687	115.108566
			*MESH_VERTEX  334	26.047216	4.746198	115.274216
			*MESH_VERTEX  335	19.526482	7.274885	114.961243
			*MESH_VERTEX  336	34.612946	12.911182	111.269096
			*MESH_VERTEX  337	31.408857	20.849930	121.856979
			*MESH_VERTEX  338	27.829271	23.565208	122.380348
			*MESH_VERTEX  339	19.954485	17.413530	119.202377
			*MESH_VERTEX  340	23.068909	22.113811	122.514099
			*MESH_VERTEX  341	32.778702	15.385179	122.283127
			*MESH_VERTEX  342	25.760365	10.595469	120.594299
