*3DSMAX_ASCIIEXPORT	108
*COMMENT " [Zengine ASC Exporter v1.08] AsciiExport Version  1,08 - Mon Apr 08 14:40:19 2002"
*SCENE {
	*SCENE_FILENAME "Armor_SLD_H.max"
	*SCENE_FIRSTFRAME 0
	*SCENE_LASTFRAME 100
	*SCENE_FRAMESPEED 25
	*SCENE_TICKSPERFRAME 192
	*SCENE_BACKGROUND_STATIC 1.000000	1.000000	1.000000
	*SCENE_AMBIENT_STATIC 1.000000	1.000000	1.000000
}
*MATERIAL_LIST {
	*MATERIAL_COUNT 1
	*MATERIAL 0 {
		*MATERIAL_NAME "Material #344"
		*MATERIAL_CLASS "Multi/Sub-Object"
		*MATERIAL_AMBIENT 0.100000	0.100000	0.100000
		*MATERIAL_DIFFUSE 0.701961	0.501961	0.996078
		*MATERIAL_SPECULAR 0.900000	0.900000	0.900000
		*MATERIAL_SHINE 0.010000
		*MATERIAL_SHINESTRENGTH 0.000000
		*MATERIAL_TRANSPARENCY 0.000000
		*MATERIAL_WIRESIZE 1.000000
		*NUMSUBMTLS 2
		*SUBMATERIAL 0 {
			*MATERIAL_NAME "Nacked_Muscel0"
			*MATERIAL_CLASS "Standard"
			*MATERIAL_AMBIENT 0.100000	0.100000	0.100000
			*MATERIAL_DIFFUSE 0.701961	0.501961	0.996078
			*MATERIAL_SPECULAR 0.900000	0.900000	0.900000
			*MATERIAL_SHINE 0.000000
			*MATERIAL_SHINESTRENGTH 0.000000
			*MATERIAL_TRANSPARENCY 0.000000
			*MATERIAL_WIRESIZE 1.000000
			*MATERIAL_SHADING Blinn
			*MATERIAL_XP_FALLOFF 0.000000
			*MATERIAL_SELFILLUM 0.000000
			*MATERIAL_FALLOFF In
			*MATERIAL_XP_TYPE Filter
			*MAP_DIFFUSE {
				*MAP_NAME "Map #2"
				*MAP_CLASS "Bitmap"
				*MAP_SUBNO 1
				*MAP_AMOUNT 1.000000
				*BITMAP "Hum_Body_Naked_V0_C0.tga"
				*MAP_TYPE Screen
				*UVW_U_OFFSET 0.000000
				*UVW_V_OFFSET 0.000000
				*UVW_U_TILING 1.000000
				*UVW_V_TILING 1.000000
				*UVW_ANGLE 0.000000
				*UVW_BLUR 1.000000
				*UVW_BLUR_OFFSET 0.000000
				*UVW_NOUSE_AMT 1.000000
				*UVW_NOISE_SIZE 1.000000
				*UVW_NOISE_LEVEL 1
				*UVW_NOISE_PHASE 0.000000
				*BITMAP_FILTER Pyramidal
			}
		}
		*SUBMATERIAL 1 {
			*MATERIAL_NAME "grd_ts"
			*MATERIAL_CLASS "Standard"
			*MATERIAL_AMBIENT 0.100000	0.100000	0.100000
			*MATERIAL_DIFFUSE 0.500000	0.500000	0.500000
			*MATERIAL_SPECULAR 0.900000	0.900000	0.900000
			*MATERIAL_SHINE 0.000000
			*MATERIAL_SHINESTRENGTH 0.000000
			*MATERIAL_TRANSPARENCY 0.000000
			*MATERIAL_WIRESIZE 1.000000
			*MATERIAL_SHADING Blinn
			*MATERIAL_XP_FALLOFF 0.000000
			*MATERIAL_SELFILLUM 0.000000
			*MATERIAL_FALLOFF In
			*MATERIAL_XP_TYPE Filter
			*MAP_DIFFUSE {
				*MAP_NAME "Map #6"
				*MAP_CLASS "Bitmap"
				*MAP_SUBNO 1
				*MAP_AMOUNT 1.000000
				*BITMAP "Armor_SLD_H.tga"
				*MAP_TYPE Screen
				*UVW_U_OFFSET 0.000000
				*UVW_V_OFFSET 0.000000
				*UVW_U_TILING 1.000000
				*UVW_V_TILING 1.000000
				*UVW_ANGLE 0.000000
				*UVW_BLUR 1.000000
				*UVW_BLUR_OFFSET 0.000000
				*UVW_NOUSE_AMT 1.000000
				*UVW_NOISE_SIZE 1.000000
				*UVW_NOISE_LEVEL 1
				*UVW_NOISE_PHASE 0.000000
				*BITMAP_FILTER Pyramidal
			}
		}
	}
}
*GEOMOBJECT {
	*NODE_NAME "Bip01"
	*NODE_TM {
		*NODE_NAME "Bip01"
		*TM_ROW0 0.024624	-0.993774	0.108663
		*TM_ROW1 0.999693	0.024771	-0.000000
		*TM_ROW2 -0.002692	0.108630	0.994079
		*TM_ROW3 0.114225	6.469903	98.061920
		*TM_POS 0.114225	6.469903	98.061920
		*TM_ROTAXIS 0.054328	0.055691	0.996969
		*TM_ROTANGLE 1.549058
		*TM_SCALE 1.000000	1.000000	1.000000
		*TM_SCALEAXIS 0.000000	-0.950111	0.311912
		*TM_SCALEAXISANG 0.065194
	}
	*WIREFRAME_COLOR 0.650980	0.792157	0.941177
}
*GEOMOBJECT {
	*NODE_NAME "Bip01 Footsteps"
	*NODE_PARENT "Bip01"
	*NODE_TM {
		*NODE_NAME "Bip01 Footsteps"
		*TM_ROW0 1.000000	0.000000	0.000000
		*TM_ROW1 0.000000	1.000000	0.000000
		*TM_ROW2 0.000000	0.000000	1.000000
		*TM_ROW3 0.114225	6.469903	-0.080455
		*TM_POS 0.114225	6.469903	-0.080455
		*TM_ROTAXIS 0.000000	0.000000	0.000000
		*TM_ROTANGLE 0.000000
		*TM_SCALE 1.000000	1.000000	1.000000
		*TM_SCALEAXIS 0.000000	0.000000	0.000000
		*TM_SCALEAXISANG 0.000000
	}
	*WIREFRAME_COLOR 0.650980	0.792157	0.941177
}
*GEOMOBJECT {
	*NODE_NAME "Bip01 Pelvis"
	*NODE_PARENT "Bip01"
	*NODE_TM {
		*NODE_NAME "Bip01 Pelvis"
		*TM_ROW0 -0.021914	0.108133	0.993895
		*TM_ROW1 0.024625	-0.993774	0.108663
		*TM_ROW2 0.999457	0.026856	0.019115
		*TM_ROW3 -0.173447	8.067569	97.886551
		*TM_POS -0.173447	8.067569	97.886551
		*TM_ROTAXIS -0.699003	-0.047522	-0.713538
		*TM_ROTANGLE 3.083042
		*TM_SCALE 1.000000	1.000000	1.000000
		*TM_SCALEAXIS 0.704691	-0.000004	-0.709514
		*TM_SCALEAXISANG 0.010222
	}
	*WIREFRAME_COLOR 0.878431	0.776471	0.341176
}
*GEOMOBJECT {
	*NODE_NAME "Bip01 Spine"
	*NODE_PARENT "Bip01 Pelvis"
	*NODE_TM {
		*NODE_NAME "Bip01 Spine"
		*TM_ROW0 0.011301	-0.043139	0.999005
		*TM_ROW1 0.019565	-0.998868	-0.043354
		*TM_ROW2 0.999745	0.020035	-0.010444
		*TM_ROW3 -0.182063	8.416939	100.264160
		*TM_POS -0.182063	8.416939	100.264160
		*TM_ROTAXIS -0.710918	0.008294	-0.703226
		*TM_ROTANGLE 3.186190
		*TM_SCALE 1.000000	1.000000	1.000000
		*TM_SCALEAXIS -0.000001	0.394285	0.918988
		*TM_SCALEAXISANG 0.049904
	}
	*WIREFRAME_COLOR 0.031373	0.431373	0.525490
}
*GEOMOBJECT {
	*NODE_NAME "Bip01 Spine1"
	*NODE_PARENT "Bip01 Spine"
	*NODE_TM {
		*NODE_NAME "Bip01 Spine1"
		*TM_ROW0 0.012159	-0.012107	0.999853
		*TM_ROW1 0.017785	-0.999766	-0.012322
		*TM_ROW2 0.999768	0.017932	-0.011941
		*TM_ROW3 -0.071184	8.003186	110.081703
		*TM_POS -0.071184	8.003186	110.081703
		*TM_ROTAXIS -0.711353	-0.001996	-0.702832
		*TM_ROTANGLE 3.162860
		*TM_SCALE 1.000000	1.000000	1.000000
		*TM_SCALEAXIS -0.494563	0.000005	-0.869142
		*TM_SCALEAXISANG 0.015403
	}
	*WIREFRAME_COLOR 0.031373	0.431373	0.525490
}
*GEOMOBJECT {
	*NODE_NAME "Bip01 Spine2"
	*NODE_PARENT "Bip01 Spine1"
	*NODE_TM {
		*NODE_NAME "Bip01 Spine2"
		*TM_ROW0 0.012680	0.104235	0.994472
		*TM_ROW1 0.010570	-0.994510	0.104105
		*TM_ROW2 0.999864	0.009192	-0.013712
		*TM_ROW3 0.084076	7.872086	122.867142
		*TM_POS 0.084076	7.872086	122.867142
		*TM_ROTAXIS -0.711189	-0.040402	-0.701839
		*TM_ROTANGLE 3.074815
		*TM_SCALE 1.000000	1.000000	1.000000
		*TM_SCALEAXIS -0.001563	0.000001	-0.999999
		*TM_SCALEAXISANG 0.055808
	}
	*WIREFRAME_COLOR 0.031373	0.431373	0.525490
}
*GEOMOBJECT {
	*NODE_NAME "Bip01 Neck"
	*NODE_PARENT "Bip01 Spine2"
	*NODE_TM {
		*NODE_NAME "Bip01 Neck"
		*TM_ROW0 0.015532	-0.242193	0.970104
		*TM_ROW1 0.005596	-0.970185	-0.242303
		*TM_ROW2 0.999864	0.009192	-0.013713
		*TM_ROW3 0.464247	11.002766	152.686737
		*TM_POS 0.464247	11.002766	152.686737
		*TM_ROTAXIS -0.709818	0.083995	-0.699359
		*TM_ROTANGLE 3.319687
		*TM_SCALE 1.000000	1.000000	1.000000
		*TM_SCALEAXIS 0.001853	-0.000001	0.999998
		*TM_SCALEAXISANG 0.160545
	}
	*WIREFRAME_COLOR 0.031373	0.431373	0.525490
}
*GEOMOBJECT {
	*NODE_NAME "Bip01 Head"
	*NODE_PARENT "Bip01 Neck"
	*NODE_TM {
		*NODE_NAME "Bip01 Head"
		*TM_ROW0 -0.016420	-0.136856	0.990455
		*TM_ROW1 -0.040593	-0.989680	-0.137422
		*TM_ROW2 0.999041	-0.042462	0.010696
		*TM_ROW3 0.570471	9.346352	159.321487
		*TM_POS 0.570471	9.346352	159.321487
		*TM_ROTAXIS -0.700860	0.063370	-0.710478
		*TM_ROTANGLE 3.209390
		*TM_SCALE 1.000000	1.000000	1.000000
		*TM_SCALEAXIS -0.038668	0.346504	0.937251
		*TM_SCALEAXISANG 0.111166
	}
	*WIREFRAME_COLOR 0.894118	0.600000	0.721569
}
*HELPEROBJECT {
	*NODE_NAME "Dummy05"
	*NODE_PARENT "Bip01 Head"
	*HELPER_CLASS "Dummy"
	*NODE_TM {
		*NODE_NAME "Dummy05"
		*TM_ROW0 -0.016420	-0.136856	0.990455
		*TM_ROW1 -0.040593	-0.989680	-0.137422
		*TM_ROW2 0.999041	-0.042462	0.010696
		*TM_ROW3 0.200592	6.263587	181.632034
		*TM_POS 0.200592	6.263587	181.632034
		*TM_ROTAXIS -0.700860	0.063370	-0.710478
		*TM_ROTANGLE 3.209390
		*TM_SCALE 1.000000	1.000000	1.000000
		*TM_SCALEAXIS -0.038668	0.346504	0.937251
		*TM_SCALEAXISANG 0.111166
	}
	*BOUNDINGBOX_MIN -2.772934	2.972044	178.426163
	*BOUNDINGBOX_MAX 3.174119	9.555131	184.837906
}
*GEOMOBJECT {
	*NODE_NAME "Bip01 L Clavicle"
	*NODE_PARENT "Bip01 Neck"
	*NODE_TM {
		*NODE_NAME "Bip01 L Clavicle"
		*TM_ROW0 0.698302	0.130668	-0.703775
		*TM_ROW1 -0.277065	0.955899	-0.097431
		*TM_ROW2 0.660007	0.263028	0.703710
		*TM_ROW3 8.334777	12.447387	146.761795
		*TM_POS 8.334777	12.447387	146.761795
		*TM_ROTAXIS 0.245484	-0.928780	-0.277679
		*TM_ROTANGLE 0.824457
		*TM_SCALE 1.000000	1.000000	1.000000
		*TM_SCALEAXIS -0.910923	0.000001	0.412576
		*TM_SCALEAXISANG 0.173905
	}
	*WIREFRAME_COLOR 0.109804	0.109804	0.694118
}
*GEOMOBJECT {
	*NODE_NAME "Bip01 L UpperArm"
	*NODE_PARENT "Bip01 L Clavicle"
	*NODE_TM {
		*NODE_NAME "Bip01 L UpperArm"
		*TM_ROW0 0.111290	-0.034231	-0.993198
		*TM_ROW1 0.334842	0.942261	0.005044
		*TM_ROW2 0.935679	-0.333126	0.116326
		*TM_ROW3 17.640360	14.188669	137.383286
		*TM_POS 17.640360	14.188669	137.383286
		*TM_ROTAXIS -0.169698	-0.967937	0.185206
		*TM_ROTANGLE 1.485755
		*TM_SCALE 1.000000	1.000000	1.000000
		*TM_SCALEAXIS 0.733991	-0.679159	0.000000
		*TM_SCALEAXISANG 0.331690
	}
	*WIREFRAME_COLOR 0.109804	0.109804	0.694118
}
*GEOMOBJECT {
	*NODE_NAME "Bip01 L Forearm"
	*NODE_PARENT "Bip01 L UpperArm"
	*NODE_TM {
		*NODE_NAME "Bip01 L Forearm"
		*TM_ROW0 -0.036279	-0.418752	-0.907376
		*TM_ROW1 0.350982	0.844792	-0.403903
		*TM_ROW2 0.935679	-0.333126	0.116326
		*TM_ROW3 20.746044	13.233414	109.666878
		*TM_POS 20.746044	13.233414	109.666878
		*TM_ROTAXIS 0.035414	-0.922179	0.385139
		*TM_ROTANGLE 1.608386
		*TM_SCALE 1.000000	1.000000	1.000000
		*TM_SCALEAXIS -0.000000	-0.024691	-0.999695
		*TM_SCALEAXISANG 0.177314
	}
	*WIREFRAME_COLOR 0.109804	0.109804	0.694118
}
*GEOMOBJECT {
	*NODE_NAME "Bip01 L Hand"
	*NODE_PARENT "Bip01 L Forearm"
	*NODE_TM {
		*NODE_NAME "Bip01 L Hand"
		*TM_ROW0 -0.114926	-0.479701	-0.869873
		*TM_ROW1 -0.936279	0.344905	-0.066502
		*TM_ROW2 0.331925	0.806800	-0.488773
		*TM_ROW3 19.736895	1.585278	84.427032
		*TM_POS 19.736895	1.585278	84.427032
		*TM_ROTAXIS 0.561910	-0.773274	-0.293776
		*TM_ROTANGLE 2.251573
		*TM_SCALE 1.000000	1.000000	1.000000
		*TM_SCALEAXIS 0.000000	0.000000	0.000000
		*TM_SCALEAXISANG 0.000000
	}
	*WIREFRAME_COLOR 0.109804	0.109804	0.694118
}
*GEOMOBJECT {
	*NODE_NAME "Bip01 L Finger0"
	*NODE_PARENT "Bip01 L Hand"
	*NODE_TM {
		*NODE_NAME "Bip01 L Finger0"
		*TM_ROW0 -0.114926	-0.479701	-0.869873
		*TM_ROW1 -0.936543	0.344263	-0.066113
		*TM_ROW2 0.331179	0.807075	-0.488826
		*TM_ROW3 18.257811	-4.588409	73.231895
		*TM_POS 18.257811	-4.588409	73.231895
		*TM_ROTAXIS 0.562040	-0.773074	-0.294053
		*TM_ROTANGLE 2.252021
		*TM_SCALE 1.000000	1.000000	1.000000
		*TM_SCALEAXIS 0.000000	0.000000	0.000000
		*TM_SCALEAXISANG 0.000000
	}
	*WIREFRAME_COLOR 0.525490	0.023529	0.023529
}
*HELPEROBJECT {
	*NODE_NAME "Dummy02"
	*NODE_PARENT "Bip01 L Finger0"
	*HELPER_CLASS "Dummy"
	*NODE_TM {
		*NODE_NAME "Dummy02"
		*TM_ROW0 -0.114926	-0.479701	-0.869873
		*TM_ROW1 -0.936543	0.344263	-0.066113
		*TM_ROW2 0.331179	0.807075	-0.488826
		*TM_ROW3 17.998934	-5.668962	71.272461
		*TM_POS 17.998934	-5.668962	71.272461
		*TM_ROTAXIS 0.562040	-0.773074	-0.294053
		*TM_ROTANGLE 2.252021
		*TM_SCALE 1.000000	1.000000	1.000000
		*TM_SCALEAXIS 0.000000	0.000000	0.000000
		*TM_SCALEAXISANG 0.000000
	}
	*BOUNDINGBOX_MIN 17.241884	-6.497416	70.633385
	*BOUNDINGBOX_MAX 18.755983	-4.840508	71.911537
}
*GEOMOBJECT {
	*NODE_NAME "Bip01 R Clavicle"
	*NODE_PARENT "Bip01 Neck"
	*NODE_TM {
		*NODE_NAME "Bip01 R Clavicle"
		*TM_ROW0 -0.696409	0.131134	-0.705562
		*TM_ROW1 0.285056	0.952823	-0.104270
		*TM_ROW2 0.658602	-0.273739	-0.700935
		*TM_ROW3 -8.754999	12.290224	146.996170
		*TM_POS -8.754999	12.290224	146.996170
		*TM_ROTAXIS -0.122516	-0.986209	0.111277
		*TM_ROTANGLE 2.377862
		*TM_SCALE 1.000000	1.000000	1.000000
		*TM_SCALEAXIS 0.384884	-0.922965	-0.000000
		*TM_SCALEAXISANG 0.252696
	}
	*WIREFRAME_COLOR 0.023529	0.525490	0.023529
}
*GEOMOBJECT {
	*NODE_NAME "Bip01 R UpperArm"
	*NODE_PARENT "Bip01 R Clavicle"
	*NODE_TM {
		*NODE_NAME "Bip01 R UpperArm"
		*TM_ROW0 -0.160603	-0.093218	-0.982607
		*TM_ROW1 -0.499574	0.866271	-0.000528
		*TM_ROW2 0.851253	0.490801	-0.185695
		*TM_ROW3 -18.035357	14.037711	137.593842
		*TM_POS -18.035357	14.037711	137.593842
		*TM_ROTAXIS 0.253061	-0.944540	-0.209296
		*TM_ROTANGLE 1.813176
		*TM_SCALE 1.000000	1.000000	1.000000
		*TM_SCALEAXIS -0.959951	0.280168	0.000000
		*TM_SCALEAXISANG 0.371561
	}
	*WIREFRAME_COLOR 0.023529	0.525490	0.023529
}
*GEOMOBJECT {
	*NODE_NAME "Bip01 R Forearm"
	*NODE_PARENT "Bip01 R UpperArm"
	*NODE_TM {
		*NODE_NAME "Bip01 R Forearm"
		*TM_ROW0 -0.032168	-0.304398	-0.952002
		*TM_ROW1 -0.523768	0.816368	-0.243332
		*TM_ROW2 0.851253	0.490801	-0.185695
		*TM_ROW3 -22.517172	11.436358	110.172981
		*TM_POS -22.517172	11.436358	110.172981
		*TM_ROTAXIS 0.374694	-0.920363	-0.111964
		*TM_ROTANGLE 1.772917
		*TM_SCALE 1.000000	1.000000	1.000000
		*TM_SCALEAXIS -0.997246	-0.074168	-0.000000
		*TM_SCALEAXISANG 0.365376
	}
	*WIREFRAME_COLOR 0.023529	0.525490	0.023529
}
*GEOMOBJECT {
	*NODE_NAME "Bip01 R Hand"
	*NODE_PARENT "Bip01 R Forearm"
	*NODE_TM {
		*NODE_NAME "Bip01 R Hand"
		*TM_ROW0 0.081071	-0.391256	-0.916704
		*TM_ROW1 0.854658	0.500506	-0.138035
		*TM_ROW2 0.512823	-0.772278	0.374966
		*TM_ROW3 -23.411953	2.969122	83.691811
		*TM_POS -23.411953	2.969122	83.691811
		*TM_ROTAXIS -0.317196	-0.714932	0.623104
		*TM_ROTANGLE 1.592526
		*TM_SCALE 1.000000	1.000000	1.000000
		*TM_SCALEAXIS -0.951334	0.000000	0.308163
		*TM_SCALEAXISANG 0.354138
	}
	*WIREFRAME_COLOR 0.023529	0.525490	0.023529
}
*GEOMOBJECT {
	*NODE_NAME "Bip01 R Finger0"
	*NODE_PARENT "Bip01 R Hand"
	*NODE_TM {
		*NODE_NAME "Bip01 R Finger0"
		*TM_ROW0 0.081071	-0.391256	-0.916704
		*TM_ROW1 0.855066	0.499891	-0.137737
		*TM_ROW2 0.512142	-0.772676	0.375076
		*TM_ROW3 -22.368576	-2.066281	71.893959
		*TM_POS -22.368576	-2.066281	71.893959
		*TM_ROTAXIS -0.317546	-0.714596	0.623311
		*TM_ROTANGLE 1.592779
		*TM_SCALE 1.000000	1.000000	1.000000
		*TM_SCALEAXIS -0.934906	-0.000000	0.354895
		*TM_SCALEAXISANG 0.285791
	}
	*WIREFRAME_COLOR 0.878431	0.776471	0.341176
}
*HELPEROBJECT {
	*NODE_NAME "Dummy01"
	*NODE_PARENT "Bip01 R Finger0"
	*HELPER_CLASS "Dummy"
	*NODE_TM {
		*NODE_NAME "Dummy01"
		*TM_ROW0 0.081071	-0.391256	-0.916704
		*TM_ROW1 0.855066	0.499891	-0.137737
		*TM_ROW2 -0.512142	0.772676	-0.375076
		*TM_ROW3 -22.185959	-2.947605	69.829033
		*TM_POS -22.185959	-2.947605	69.829033
		*TM_ROTAXIS -0.570588	0.253553	-0.781114
		*TM_ROTANGLE 2.217981
		*TM_SCALE 1.000000	1.000000	1.000000
		*TM_SCALEAXIS 0.934906	0.000000	0.354895
		*TM_SCALEAXISANG 0.285791
	}
	*BOUNDINGBOX_MIN -22.986322	-3.811124	69.196091
	*BOUNDINGBOX_MAX -21.385595	-2.084086	70.461975
}
*GEOMOBJECT {
	*NODE_NAME "Bip01 L Thigh"
	*NODE_PARENT "Bip01 Spine"
	*NODE_TM {
		*NODE_NAME "Bip01 L Thigh"
		*TM_ROW0 0.111968	-0.018908	-0.993532
		*TM_ROW1 0.054830	-0.998178	0.025176
		*TM_ROW2 -0.992198	-0.057294	-0.110727
		*TM_ROW3 8.831874	8.309531	98.058769
		*TM_POS 8.831874	8.309531	98.058769
		*TM_ROTAXIS -0.745415	-0.012057	0.666492
		*TM_ROTANGLE 3.086246
		*TM_SCALE 1.000000	1.000000	1.000000
		*TM_SCALEAXIS -0.208502	0.978022	0.000000
		*TM_SCALEAXISANG 0.123133
	}
	*WIREFRAME_COLOR 0.109804	0.109804	0.694118
}
*GEOMOBJECT {
	*NODE_NAME "Bip01 L Calf"
	*NODE_PARENT "Bip01 L Thigh"
	*NODE_TM {
		*NODE_NAME "Bip01 L Calf"
		*TM_ROW0 0.095965	0.215978	-0.971671
		*TM_ROW1 0.079586	-0.974716	-0.208795
		*TM_ROW2 -0.992198	-0.057294	-0.110727
		*TM_ROW3 13.413440	7.535835	57.404804
		*TM_POS 13.413440	7.535835	57.404804
		*TM_ROTAXIS -0.739453	-0.100190	0.665711
		*TM_ROTANGLE 3.244214
		*TM_SCALE 1.000000	1.000000	1.000000
		*TM_SCALEAXIS -0.200798	0.979633	0.000000
		*TM_SCALEAXISANG 0.182090
	}
	*WIREFRAME_COLOR 0.109804	0.109804	0.694118
}
*GEOMOBJECT {
	*NODE_NAME "Bip01 L Foot"
	*NODE_PARENT "Bip01 L Calf"
	*NODE_TM {
		*NODE_NAME "Bip01 L Foot"
		*TM_ROW0 -0.001620	0.046783	-0.998904
		*TM_ROW1 0.139798	-0.989085	-0.046550
		*TM_ROW2 -0.990179	-0.139720	-0.004938
		*TM_ROW3 17.726883	17.243670	13.729873
		*TM_POS 17.726883	17.243670	13.729873
		*TM_ROTAXIS -0.706147	-0.066128	0.704970
		*TM_ROTANGLE 3.075574
		*TM_SCALE 1.000000	1.000000	1.000000
		*TM_SCALEAXIS -0.837429	0.486052	-0.249933
		*TM_SCALEAXISANG 0.120660
	}
	*WIREFRAME_COLOR 0.109804	0.109804	0.694118
}
*GEOMOBJECT {
	*NODE_NAME "Bip01 L Toe0"
	*NODE_PARENT "Bip01 L Foot"
	*NODE_TM {
		*NODE_NAME "Bip01 L Toe0"
		*TM_ROW0 0.139798	-0.989085	-0.046550
		*TM_ROW1 0.001620	-0.046783	0.998904
		*TM_ROW2 -0.990179	-0.139720	-0.004938
		*TM_ROW3 20.871983	-4.562283	0.062912
		*TM_POS 20.871983	-4.562283	0.062912
		*TM_ROTAXIS -0.639677	0.530129	0.556576
		*TM_ROTANGLE 2.044249
		*TM_SCALE 1.000000	1.000000	1.000000
		*TM_SCALEAXIS 0.737753	0.000000	-0.675071
		*TM_SCALEAXISANG 0.085791
	}
	*WIREFRAME_COLOR 0.423529	0.031373	0.533333
}
*HELPEROBJECT {
	*NODE_NAME "Dummy04"
	*NODE_PARENT "Bip01 L Toe0"
	*HELPER_CLASS "Dummy"
	*NODE_TM {
		*NODE_NAME "Dummy04"
		*TM_ROW0 0.139798	-0.989085	-0.046550
		*TM_ROW1 0.001620	-0.046783	0.998904
		*TM_ROW2 0.990179	0.139720	0.004938
		*TM_ROW3 21.060925	-5.899065	-0.000001
		*TM_POS 21.060925	-5.899065	-0.000001
		*TM_ROTAXIS -0.513966	-0.620173	0.592642
		*TM_ROTANGLE 4.131250
		*TM_SCALE 1.000000	1.000000	1.000000
		*TM_SCALEAXIS -0.737753	-0.000000	-0.675071
		*TM_SCALEAXISANG 0.085791
	}
	*BOUNDINGBOX_MIN 20.694323	-6.184877	-0.349668
	*BOUNDINGBOX_MAX 21.427526	-5.613252	0.349665
}
*GEOMOBJECT {
	*NODE_NAME "Bip01 R Thigh"
	*NODE_PARENT "Bip01 Spine"
	*NODE_TM {
		*NODE_NAME "Bip01 R Thigh"
		*TM_ROW0 -0.125928	0.030616	-0.991567
		*TM_ROW1 -0.073385	-0.997073	-0.021466
		*TM_ROW2 -0.989321	0.070063	0.127806
		*TM_ROW3 -9.178768	7.825598	97.714333
		*TM_POS -9.178768	7.825598	97.714333
		*TM_ROTAXIS 0.660575	-0.016206	-0.750585
		*TM_ROTANGLE 3.072258
		*TM_SCALE 1.000000	1.000000	1.000000
		*TM_SCALEAXIS 0.000000	0.000000	0.000000
		*TM_SCALEAXISANG 0.000000
	}
	*WIREFRAME_COLOR 0.023529	0.525490	0.023529
}
*GEOMOBJECT {
	*NODE_NAME "Bip01 R Calf"
	*NODE_PARENT "Bip01 R Thigh"
	*NODE_TM {
		*NODE_NAME "Bip01 R Calf"
		*TM_ROW0 -0.113287	0.182063	-0.976739
		*TM_ROW1 -0.091702	-0.980788	-0.172182
		*TM_ROW2 -0.989321	0.070063	0.127806
		*TM_ROW3 -14.331565	9.078344	57.140781
		*TM_POS -14.331565	9.078344	57.140781
		*TM_ROTAXIS 0.662286	0.034400	-0.748461
		*TM_ROTANGLE 2.957672
		*TM_SCALE 1.000000	1.000000	1.000000
		*TM_SCALEAXIS -0.000000	0.052764	-0.998607
		*TM_SCALEAXISANG 0.072933
	}
	*WIREFRAME_COLOR 0.023529	0.525490	0.023529
}
*GEOMOBJECT {
	*NODE_NAME "Bip01 R Foot"
	*NODE_PARENT "Bip01 R Calf"
	*NODE_TM {
		*NODE_NAME "Bip01 R Foot"
		*TM_ROW0 -0.018388	0.028688	-0.999419
		*TM_ROW1 -0.089759	-0.995599	-0.026927
		*TM_ROW2 -0.995794	0.089212	0.020883
		*TM_ROW3 -19.423618	17.261772	13.238051
		*TM_POS -19.423618	17.261772	13.238051
		*TM_ROTAXIS 0.699948	-0.021850	-0.713860
		*TM_ROTANGLE 3.058535
		*TM_SCALE 1.000000	1.000000	1.000000
		*TM_SCALEAXIS 0.166720	-0.331727	-0.928527
		*TM_SCALEAXISANG 0.109146
	}
	*WIREFRAME_COLOR 0.023529	0.525490	0.023529
}
*GEOMOBJECT {
	*NODE_NAME "Bip01 R Toe0"
	*NODE_PARENT "Bip01 R Foot"
	*NODE_TM {
		*NODE_NAME "Bip01 R Toe0"
		*TM_ROW0 -0.089759	-0.995599	-0.026927
		*TM_ROW1 0.018388	-0.028688	0.999419
		*TM_ROW2 -0.995794	0.089212	0.020883
		*TM_ROW3 -21.688290	-4.920165	0.008920
		*TM_POS -21.688290	-4.920165	0.008920
		*TM_ROTAXIS 0.544405	-0.579490	-0.606477
		*TM_ROTANGLE 4.131482
		*TM_SCALE 1.000000	1.000000	1.000000
		*TM_SCALEAXIS -0.331727	-0.166720	-0.928527
		*TM_SCALEAXISANG 0.109146
	}
	*WIREFRAME_COLOR 0.443137	0.525490	0.023529
}
*HELPEROBJECT {
	*NODE_NAME "Dummy03"
	*NODE_PARENT "Bip01 R Toe0"
	*HELPER_CLASS "Dummy"
	*NODE_TM {
		*NODE_NAME "Dummy03"
		*TM_ROW0 -0.089759	-0.995599	-0.026927
		*TM_ROW1 0.018388	-0.028688	0.999419
		*TM_ROW2 -0.995794	0.089212	0.020883
		*TM_ROW3 -21.809601	-6.265750	-0.027473
		*TM_POS -21.809601	-6.265750	-0.027473
		*TM_ROTAXIS 0.544405	-0.579490	-0.606477
		*TM_ROTANGLE 4.131482
		*TM_SCALE 1.000000	1.000000	1.000000
		*TM_SCALEAXIS -0.331727	-0.166720	-0.928527
		*TM_SCALEAXISANG 0.109146
	}
	*BOUNDINGBOX_MIN -22.172495	-6.529851	-0.378281
	*BOUNDINGBOX_MAX -21.446707	-6.001650	0.323336
}
*GEOMOBJECT {
	*NODE_NAME "zm_GRD_TS"
	*NODE_TM {
		*NODE_NAME "zm_GRD_TS"
		*TM_ROW0 1.000000	0.000000	0.000000
		*TM_ROW1 0.000000	1.000000	0.000000
		*TM_ROW2 0.000000	0.000000	1.000000
		*TM_ROW3 0.000004	10.049805	79.805176
		*TM_POS 0.000004	10.049805	79.805176
		*TM_ROTAXIS 0.000000	0.000000	0.000000
		*TM_ROTANGLE 0.000000
		*TM_SCALE 1.000000	1.000000	1.000000
		*TM_SCALEAXIS 0.000000	0.000000	0.000000
		*TM_SCALEAXISANG 0.000000
	}
	*MATERIAL_REF 0
	*MESH_SOFTSKIN {
		*TIMEVALUE 0
		*MESH_NUMVERTEX 400
		*MESH_NUMFACES 742
		*MESH_VERTEX_LIST {
			*MESH_VERTEX    0	-29.539677	12.767197	100.555794
			*MESH_VERTEX    1	-25.975758	14.875257	99.818626
			*MESH_VERTEX    2	-17.165434	11.888519	100.512352
			*MESH_VERTEX    3	-20.052563	15.357857	99.547104
			*MESH_VERTEX    4	-26.644157	4.744018	102.844963
			*MESH_VERTEX    5	-21.668602	3.627603	103.041405
			*MESH_VERTEX    6	-16.679853	6.189224	102.207451
			*MESH_VERTEX    7	-29.083851	8.381652	101.767738
			*MESH_VERTEX    8	19.605827	4.524439	137.438293
			*MESH_VERTEX    9	18.219831	22.663155	134.962601
			*MESH_VERTEX   10	15.666956	4.780400	133.815125
			*MESH_VERTEX   11	15.073774	21.065916	131.710434
			*MESH_VERTEX   12	15.596227	9.147792	130.668564
			*MESH_VERTEX   13	14.759606	6.132385	127.895172
			*MESH_VERTEX   14	23.625334	5.757370	133.875870
			*MESH_VERTEX   15	19.700378	23.010170	128.123184
			*MESH_VERTEX   16	22.116291	21.321373	136.908386
			*MESH_VERTEX   17	13.153513	10.840429	128.271683
			*MESH_VERTEX   18	24.728312	7.411131	136.782654
			*MESH_VERTEX   19	23.442837	20.353771	128.398727
			*MESH_VERTEX   20	12.104990	13.213356	124.433861
			*MESH_VERTEX   21	13.382386	19.771610	125.886314
			*MESH_VERTEX   22	23.334431	7.699602	127.120491
			*MESH_VERTEX   23	19.643177	6.269860	124.678886
			*MESH_VERTEX   24	13.405979	8.219922	123.762817
			*MESH_VERTEX   25	25.332806	17.057861	110.132851
			*MESH_VERTEX   26	22.101343	19.465746	110.020309
			*MESH_VERTEX   27	15.833141	13.799957	110.224953
			*MESH_VERTEX   28	17.461765	18.917187	109.906929
			*MESH_VERTEX   29	24.381428	10.332400	110.865074
			*MESH_VERTEX   30	20.707609	8.641034	110.986511
			*MESH_VERTEX   31	16.363626	10.011794	110.690720
			*MESH_VERTEX   32	25.193947	15.967438	107.683853
			*MESH_VERTEX   33	22.239859	18.145319	107.157288
			*MESH_VERTEX   34	16.403971	13.366899	108.149750
			*MESH_VERTEX   35	18.019569	17.585127	107.175674
			*MESH_VERTEX   36	24.154552	9.998839	109.295097
			*MESH_VERTEX   37	20.745028	8.328651	109.672775
			*MESH_VERTEX   38	16.793365	9.657654	109.201218
			*MESH_VERTEX   39	26.360477	14.020165	98.052841
			*MESH_VERTEX   40	22.425365	15.520147	97.618401
			*MESH_VERTEX   41	14.447794	11.430079	100.091881
			*MESH_VERTEX   42	16.552582	15.108665	98.331848
			*MESH_VERTEX   43	25.028595	6.028390	101.738510
			*MESH_VERTEX   44	20.352432	4.277997	102.791397
			*MESH_VERTEX   45	15.100026	5.929868	102.455849
			*MESH_VERTEX   46	24.997597	12.878017	137.565353
			*MESH_VERTEX   47	25.939602	13.069137	127.560501
			*MESH_VERTEX   48	25.568218	12.749533	110.642403
			*MESH_VERTEX   49	25.350554	12.376017	108.734207
			*MESH_VERTEX   50	26.717220	9.772911	99.875526
			*MESH_VERTEX   51	19.858248	6.919968	115.274750
			*MESH_VERTEX   52	-19.121090	4.140575	138.037354
			*MESH_VERTEX   53	-18.056145	22.292006	135.637466
			*MESH_VERTEX   54	-14.937835	5.984634	134.616882
			*MESH_VERTEX   55	-14.993159	20.928116	132.311310
			*MESH_VERTEX   56	-14.985916	8.738222	131.330734
			*MESH_VERTEX   57	-13.685748	6.366646	128.799347
			*MESH_VERTEX   58	-22.797014	5.249405	134.691147
			*MESH_VERTEX   59	-21.189644	23.002773	128.737976
			*MESH_VERTEX   60	-21.933319	20.842474	137.509338
			*MESH_VERTEX   61	-12.732634	11.236988	128.967194
			*MESH_VERTEX   62	-24.202385	6.923910	137.263260
			*MESH_VERTEX   63	-24.233093	19.288479	129.298599
			*MESH_VERTEX   64	-12.189474	13.707896	125.012329
			*MESH_VERTEX   65	-14.313393	20.027897	126.333977
			*MESH_VERTEX   66	-25.800575	7.431163	131.849472
			*MESH_VERTEX   67	-18.601549	5.755495	125.825607
			*MESH_VERTEX   68	-12.773455	8.566490	124.537537
			*MESH_VERTEX   69	-27.318899	14.836535	111.902992
			*MESH_VERTEX   70	-24.559380	17.719820	111.625641
			*MESH_VERTEX   71	-17.438435	13.142838	111.173714
			*MESH_VERTEX   72	-19.884691	17.944391	111.170120
			*MESH_VERTEX   73	-25.261375	8.318983	112.225716
			*MESH_VERTEX   74	-21.363907	7.233783	111.967453
			*MESH_VERTEX   75	-17.335009	9.292755	111.466393
			*MESH_VERTEX   76	-27.221760	13.958489	109.617203
			*MESH_VERTEX   77	-24.700121	16.603661	109.026955
			*MESH_VERTEX   78	-18.129683	12.744406	109.050835
			*MESH_VERTEX   79	-20.442867	16.721624	108.618591
			*MESH_VERTEX   80	-25.140385	8.121946	110.560524
			*MESH_VERTEX   81	-21.503902	6.975997	110.472115
			*MESH_VERTEX   82	-17.854246	8.947507	109.772285
			*MESH_VERTEX   83	-24.614248	12.355945	138.073273
			*MESH_VERTEX   84	-27.798706	12.614548	132.092987
			*MESH_VERTEX   85	-26.827965	10.524669	112.232712
			*MESH_VERTEX   86	-26.727800	10.320489	110.335152
			*MESH_VERTEX   87	-20.340513	5.528572	116.101738
			*MESH_VERTEX   88	-5.469061	9.140001	154.213577
			*MESH_VERTEX   89	-6.669533	14.729678	154.911133
			*MESH_VERTEX   90	0.498126	3.095641	146.346207
			*MESH_VERTEX   91	0.725766	14.063389	166.256607
			*MESH_VERTEX   92	-2.897725	13.080862	165.612961
			*MESH_VERTEX   93	-4.197266	5.032570	160.786118
			*MESH_VERTEX   94	0.474679	3.560652	159.743347
			*MESH_VERTEX   95	0.486163	16.956148	154.894836
			*MESH_VERTEX   96	-5.826141	8.336918	162.839279
			*MESH_VERTEX   97	6.724162	9.463652	154.114075
			*MESH_VERTEX   98	7.810424	15.118390	154.795624
			*MESH_VERTEX   99	4.411369	12.599072	165.673355
			*MESH_VERTEX  100	5.162961	4.618010	160.848938
			*MESH_VERTEX  101	6.871768	7.604350	162.870041
			*MESH_VERTEX  102	15.769833	11.004423	113.706528
			*MESH_VERTEX  103	0.140313	-5.360075	113.839287
			*MESH_VERTEX  104	-0.447786	21.918873	113.299339
			*MESH_VERTEX  105	11.366917	1.076403	114.041893
			*MESH_VERTEX  106	9.053528	19.338875	113.344803
			*MESH_VERTEX  107	22.608599	-6.533468	133.304657
			*MESH_VERTEX  108	21.029703	-5.850395	140.672043
			*MESH_VERTEX  109	36.311646	-1.159162	138.199005
			*MESH_VERTEX  110	27.899792	-0.258952	150.956543
			*MESH_VERTEX  111	41.859734	9.933682	140.964966
			*MESH_VERTEX  112	29.750237	11.084807	154.845947
			*MESH_VERTEX  113	37.433418	21.435583	139.895920
			*MESH_VERTEX  114	26.279083	22.262693	152.812012
			*MESH_VERTEX  115	23.365417	29.147610	134.939835
			*MESH_VERTEX  116	19.447025	28.749189	142.707062
			*MESH_VERTEX  117	12.193387	-7.303221	131.764862
			*MESH_VERTEX  118	20.797306	-6.074415	129.352493
			*MESH_VERTEX  119	33.812992	-1.229914	127.574409
			*MESH_VERTEX  120	39.415424	10.064658	127.989769
			*MESH_VERTEX  121	36.982666	21.417921	129.536026
			*MESH_VERTEX  122	23.623075	29.222628	130.769531
			*MESH_VERTEX  123	13.649132	29.712736	132.698608
			*MESH_VERTEX  124	18.529377	-0.755776	153.942139
			*MESH_VERTEX  125	16.264801	-5.822944	143.088715
			*MESH_VERTEX  126	16.453140	21.704401	154.615372
			*MESH_VERTEX  127	18.955736	10.275589	158.562057
			*MESH_VERTEX  128	13.409894	28.308498	144.778900
			*MESH_VERTEX  129	0.064703	32.202160	138.824509
			*MESH_VERTEX  130	0.549258	0.201195	153.540710
			*MESH_VERTEX  131	0.386542	-11.076460	127.925606
			*MESH_VERTEX  132	0.895578	21.562523	165.117203
			*MESH_VERTEX  133	0.313568	-9.169533	121.421547
			*MESH_VERTEX  134	0.261324	-7.655029	115.548851
			*MESH_VERTEX  135	-0.315907	24.520582	115.237846
			*MESH_VERTEX  136	-0.188584	28.502039	122.409981
			*MESH_VERTEX  137	14.301868	-8.334564	140.988953
			*MESH_VERTEX  138	14.854628	9.891140	163.288422
			*MESH_VERTEX  139	13.991046	20.535732	160.235214
			*MESH_VERTEX  140	12.105374	26.598083	129.021454
			*MESH_VERTEX  141	16.277016	-1.887828	156.636353
			*MESH_VERTEX  142	17.737494	10.022238	115.277161
			*MESH_VERTEX  143	11.841016	-0.640580	115.515450
			*MESH_VERTEX  144	10.780914	20.802893	114.607513
			*MESH_VERTEX  145	11.352992	23.020140	122.235207
			*MESH_VERTEX  146	17.600340	10.287542	121.751648
			*MESH_VERTEX  147	13.867707	-5.380383	121.517395
			*MESH_VERTEX  148	14.173996	-6.932846	127.538841
			*MESH_VERTEX  149	23.134209	11.350794	133.640228
			*MESH_VERTEX  150	0.558240	-8.750578	145.763931
			*MESH_VERTEX  151	0.549274	9.358462	156.980865
			*MESH_VERTEX  152	0.258564	32.047581	151.810974
			*MESH_VERTEX  153	11.583869	30.451809	148.541321
			*MESH_VERTEX  154	20.820925	10.626131	127.346443
			*MESH_VERTEX  155	-0.061039	29.885689	129.736801
			*MESH_VERTEX  156	5.769009	-10.042263	132.822266
			*MESH_VERTEX  157	-16.297926	9.061801	113.314278
			*MESH_VERTEX  158	-11.156802	-0.655235	113.578934
			*MESH_VERTEX  159	-10.627692	18.057909	113.141685
			*MESH_VERTEX  160	-23.270990	-6.779106	134.844833
			*MESH_VERTEX  161	-20.301163	-6.063820	141.315308
			*MESH_VERTEX  162	-34.870834	-2.339798	139.848236
			*MESH_VERTEX  163	-28.316420	-0.457965	151.924271
			*MESH_VERTEX  164	-41.258003	8.378620	142.862076
			*MESH_VERTEX  165	-30.509373	10.617104	155.001953
			*MESH_VERTEX  166	-37.352951	20.100948	141.341766
			*MESH_VERTEX  167	-27.222158	21.838791	153.037933
			*MESH_VERTEX  168	-23.808475	28.673092	136.911438
			*MESH_VERTEX  169	-18.762722	28.535103	143.349716
			*MESH_VERTEX  170	-11.788831	-7.716496	132.403030
			*MESH_VERTEX  171	-19.223307	-6.115622	130.738541
			*MESH_VERTEX  172	-31.906700	-2.511955	129.169830
			*MESH_VERTEX  173	-38.825344	8.247766	130.118484
			*MESH_VERTEX  174	-36.947903	19.759211	130.664230
			*MESH_VERTEX  175	-24.993883	28.410940	132.994202
			*MESH_VERTEX  176	-13.795056	29.706768	133.228973
			*MESH_VERTEX  177	-16.790459	-1.192897	155.093506
			*MESH_VERTEX  178	-15.504778	-6.056984	143.579391
			*MESH_VERTEX  179	-15.623241	21.506372	155.139679
			*MESH_VERTEX  180	-17.530560	9.947844	159.471771
			*MESH_VERTEX  181	-12.679001	28.095661	145.241089
			*MESH_VERTEX  182	-13.648145	-8.563705	141.584824
			*MESH_VERTEX  183	-13.744578	9.696553	163.725800
			*MESH_VERTEX  184	-13.076929	20.345806	160.621490
			*MESH_VERTEX  185	-12.174239	26.330914	129.360046
			*MESH_VERTEX  186	-15.183725	-2.109495	157.152863
			*MESH_VERTEX  187	-17.942791	9.283899	115.563583
			*MESH_VERTEX  188	-11.807529	-1.297541	115.462814
			*MESH_VERTEX  189	-11.668122	20.211884	114.738213
			*MESH_VERTEX  190	-11.596854	22.714888	122.542046
			*MESH_VERTEX  191	-18.153894	9.635308	122.069351
			*MESH_VERTEX  192	-13.341672	-5.773136	121.861305
			*MESH_VERTEX  193	-13.506238	-7.271828	127.921860
			*MESH_VERTEX  194	-22.739048	10.792362	134.797165
			*MESH_VERTEX  195	-10.825733	30.243769	148.965729
			*MESH_VERTEX  196	-20.581808	10.140260	127.922417
			*MESH_VERTEX  197	-4.923012	-10.161823	132.971405
			*MESH_VERTEX  198	0.446095	6.831498	82.682991
			*MESH_VERTEX  199	6.728971	-2.991936	85.321022
			*MESH_VERTEX  200	3.257645	20.808460	84.055222
			*MESH_VERTEX  201	4.275356	8.935574	58.555798
			*MESH_VERTEX  202	8.984921	-5.146123	60.879204
			*MESH_VERTEX  203	-0.208354	10.397794	89.427147
			*MESH_VERTEX  204	-11.528765	0.047286	53.449047
			*MESH_VERTEX  205	-19.777273	0.292764	53.939568
			*MESH_VERTEX  206	-7.398907	17.799393	44.783875
			*MESH_VERTEX  207	-8.677059	14.517615	12.652733
			*MESH_VERTEX  208	-30.198259	16.238991	16.110512
			*MESH_VERTEX  209	-24.285870	18.160093	46.946129
			*MESH_VERTEX  210	-13.120829	27.155178	13.409805
			*MESH_VERTEX  211	-14.795699	23.453743	46.215370
			*MESH_VERTEX  212	-24.286926	3.877328	10.393684
			*MESH_VERTEX  213	-24.594582	9.873373	46.105453
			*MESH_VERTEX  214	-6.787649	11.782665	44.089130
			*MESH_VERTEX  215	-14.583906	3.821361	9.211594
			*MESH_VERTEX  216	-13.441402	17.458183	20.615959
			*MESH_VERTEX  217	-22.879610	15.420311	22.910843
			*MESH_VERTEX  218	-17.854519	22.707333	21.381554
			*MESH_VERTEX  219	-18.057325	6.676107	19.518452
			*MESH_VERTEX  220	-13.617352	18.060707	12.044495
			*MESH_VERTEX  221	-25.587320	18.581797	13.658585
			*MESH_VERTEX  222	-17.654503	23.033518	13.449791
			*MESH_VERTEX  223	-19.589340	9.160633	14.529915
			*MESH_VERTEX  224	-20.803329	9.483856	85.764313
			*MESH_VERTEX  225	-11.950920	21.462202	84.163826
			*MESH_VERTEX  226	-0.227302	7.127710	82.411613
			*MESH_VERTEX  227	-7.082413	-4.931199	84.801300
			*MESH_VERTEX  228	-16.781984	-1.971826	86.464340
			*MESH_VERTEX  229	-3.566693	20.589661	83.431084
			*MESH_VERTEX  230	-23.375002	9.376059	59.731655
			*MESH_VERTEX  231	-18.006054	18.826878	58.475262
			*MESH_VERTEX  232	-8.880090	18.535711	57.139671
			*MESH_VERTEX  233	-5.185784	10.216295	58.078808
			*MESH_VERTEX  234	-9.822563	-4.098398	60.700249
			*MESH_VERTEX  235	-19.338108	-3.808071	61.688141
			*MESH_VERTEX  236	-14.670768	4.550023	7.918793
			*MESH_VERTEX  237	-19.635807	-5.885620	4.783684
			*MESH_VERTEX  238	-20.481211	-7.090584	0.740685
			*MESH_VERTEX  239	-28.162424	-1.549623	1.218102
			*MESH_VERTEX  240	-25.736902	5.742212	9.252335
			*MESH_VERTEX  241	-26.520170	21.588448	-0.870087
			*MESH_VERTEX  242	-16.268875	20.452202	-2.042519
			*MESH_VERTEX  243	-16.410969	-5.773836	0.149437
			*MESH_VERTEX  244	-29.815369	5.481134	0.730377
			*MESH_VERTEX  245	-22.251673	25.166052	0.670105
			*MESH_VERTEX  246	-12.615880	-2.312108	43.726971
			*MESH_VERTEX  247	-22.023254	-2.162338	44.933666
			*MESH_VERTEX  248	-14.552610	2.625612	-0.557709
			*MESH_VERTEX  249	-23.602375	27.609085	14.568703
			*MESH_VERTEX  250	10.558784	-0.978942	53.785141
			*MESH_VERTEX  251	18.795345	-0.179160	54.374077
			*MESH_VERTEX  252	5.915702	16.713081	45.176189
			*MESH_VERTEX  253	6.520574	13.689209	13.406158
			*MESH_VERTEX  254	28.178425	15.316995	15.243637
			*MESH_VERTEX  255	22.485245	17.904308	47.185501
			*MESH_VERTEX  256	12.520488	27.369179	14.123291
			*MESH_VERTEX  257	13.941998	22.757154	46.556919
			*MESH_VERTEX  258	22.341845	3.934018	9.874535
			*MESH_VERTEX  259	23.200397	9.642010	46.340660
			*MESH_VERTEX  260	5.614608	10.675764	44.486835
			*MESH_VERTEX  261	13.243905	3.375384	9.013161
			*MESH_VERTEX  262	11.612984	16.690180	20.924129
			*MESH_VERTEX  263	20.669533	15.253927	22.623550
			*MESH_VERTEX  264	15.848017	22.174904	21.717453
			*MESH_VERTEX  265	16.747446	6.344008	19.739452
			*MESH_VERTEX  266	11.733402	17.531271	12.586334
			*MESH_VERTEX  267	23.654745	18.652315	14.158356
			*MESH_VERTEX  268	15.535675	22.667021	14.024895
			*MESH_VERTEX  269	18.201530	8.922126	15.005249
			*MESH_VERTEX  270	20.324564	8.878106	86.559669
			*MESH_VERTEX  271	12.254734	19.978516	84.821014
			*MESH_VERTEX  272	16.334616	-1.338361	87.143547
			*MESH_VERTEX  273	22.460133	8.765920	60.101505
			*MESH_VERTEX  274	16.146275	18.158440	58.857834
			*MESH_VERTEX  275	6.726790	17.420261	57.613697
			*MESH_VERTEX  276	18.744415	-4.382767	61.884251
			*MESH_VERTEX  277	13.453598	4.100617	8.376175
			*MESH_VERTEX  278	18.857071	-6.045219	5.119476
			*MESH_VERTEX  279	19.800257	-7.173483	1.076355
			*MESH_VERTEX  280	27.219334	-1.244535	1.573898
			*MESH_VERTEX  281	24.449827	5.855059	9.673187
			*MESH_VERTEX  282	24.361933	21.789501	-0.346504
			*MESH_VERTEX  283	14.213999	20.137062	-1.482681
			*MESH_VERTEX  284	15.694945	-6.062653	0.514618
			*MESH_VERTEX  285	28.503902	5.864142	1.133026
			*MESH_VERTEX  286	20.012871	25.127304	1.223373
			*MESH_VERTEX  287	11.940701	-3.096486	44.049427
			*MESH_VERTEX  288	21.277092	-2.539485	45.170540
			*MESH_VERTEX  289	13.404991	2.231405	-0.113571
			*MESH_VERTEX  290	20.773308	27.437647	15.392899
			*MESH_VERTEX  291	-16.421240	9.203105	107.846718
			*MESH_VERTEX  292	0.099344	-5.241518	107.785492
			*MESH_VERTEX  293	-0.534787	22.062262	108.379860
			*MESH_VERTEX  294	-11.204457	-0.517397	108.060448
			*MESH_VERTEX  295	-10.724718	18.178120	107.991402
			*MESH_VERTEX  296	15.963840	11.115806	108.213989
			*MESH_VERTEX  297	11.565455	1.013258	108.418228
			*MESH_VERTEX  298	9.207808	19.439316	108.098648
			*MESH_VERTEX  299	-11.670776	-0.460139	98.798882
			*MESH_VERTEX  300	-0.470575	24.887312	92.229591
			*MESH_VERTEX  301	-19.401585	11.075032	98.837830
			*MESH_VERTEX  302	-13.003628	20.532598	102.664818
			*MESH_VERTEX  303	-2.034349	-3.640025	92.990562
			*MESH_VERTEX  304	-5.678913	22.262875	87.672417
			*MESH_VERTEX  305	11.108274	-0.668445	99.964310
			*MESH_VERTEX  306	18.721512	10.324002	99.483459
			*MESH_VERTEX  307	12.494389	19.998480	102.506828
			*MESH_VERTEX  308	1.786666	-3.553770	93.029335
			*MESH_VERTEX  309	5.141163	21.917322	87.527367
			*MESH_VERTEX  310	-0.582395	23.977196	103.226013
			*MESH_VERTEX  311	-16.375240	20.174383	91.158524
			*MESH_VERTEX  312	13.429057	20.340782	90.315628
			*MESH_VERTEX  313	17.512384	14.648361	91.485802
			*MESH_VERTEX  314	-18.698025	14.227035	90.790237
			*MESH_VERTEX  315	16.554279	16.166866	96.734818
			*MESH_VERTEX  316	7.948202	23.694824	96.131317
			*MESH_VERTEX  317	-16.668055	17.625349	95.864685
			*MESH_VERTEX  318	-8.396448	24.356588	96.208229
			*MESH_VERTEX  319	-0.507826	24.579844	97.954643
			*MESH_VERTEX  320	-5.088273	-2.156553	94.347122
			*MESH_VERTEX  321	4.823878	-1.892579	94.730743
			*MESH_VERTEX  322	-31.357214	10.234351	151.668701
			*MESH_VERTEX  323	-28.698364	-0.699008	148.731720
			*MESH_VERTEX  324	-27.996508	21.630188	150.463257
			*MESH_VERTEX  325	28.208488	-0.256092	147.974915
			*MESH_VERTEX  326	30.765932	10.811751	150.753082
			*MESH_VERTEX  327	27.164215	22.113932	149.493256
			*MESH_VERTEX  328	-36.992561	8.809872	139.156128
			*MESH_VERTEX  329	-32.483650	-0.367912	139.379196
			*MESH_VERTEX  330	-34.568882	19.170546	140.278442
			*MESH_VERTEX  331	34.089867	0.566390	137.549118
			*MESH_VERTEX  332	37.939346	10.212780	137.056854
			*MESH_VERTEX  333	35.054314	20.368845	139.525269
			*MESH_VERTEX  334	22.091698	5.907566	82.376091
			*MESH_VERTEX  335	18.628023	6.526877	82.523453
			*MESH_VERTEX  336	15.936374	2.696144	84.428833
			*MESH_VERTEX  337	24.222130	1.089460	83.843887
			*MESH_VERTEX  338	22.080683	-2.458360	85.643753
			*MESH_VERTEX  339	17.382837	-2.900505	86.430283
			*MESH_VERTEX  340	16.981657	3.899672	75.157700
			*MESH_VERTEX  341	10.825054	-4.053133	81.832024
			*MESH_VERTEX  342	24.424976	-0.304390	73.423508
			*MESH_VERTEX  343	20.393276	-8.792385	76.591568
			*MESH_VERTEX  344	16.557232	-6.301430	79.176300
			*MESH_VERTEX  345	18.791061	4.311755	79.290878
			*MESH_VERTEX  346	14.725113	-6.648655	84.314323
			*MESH_VERTEX  347	22.238541	4.471293	78.003738
			*MESH_VERTEX  348	12.584903	-5.788272	73.400826
			*MESH_VERTEX  349	17.284977	2.006990	71.038101
			*MESH_VERTEX  350	16.618313	-8.342091	73.527061
			*MESH_VERTEX  351	21.554825	0.223901	70.898567
			*MESH_VERTEX  352	26.642101	15.862904	99.899467
			*MESH_VERTEX  353	20.863155	18.113472	99.242195
			*MESH_VERTEX  354	12.823674	11.166306	102.509094
			*MESH_VERTEX  355	15.545584	16.984695	100.096024
			*MESH_VERTEX  356	25.629032	4.985366	104.383797
			*MESH_VERTEX  357	21.075613	3.379802	105.457741
			*MESH_VERTEX  358	15.114993	5.299259	105.072456
			*MESH_VERTEX  359	28.296619	10.966186	101.875931
			*MESH_VERTEX  360	13.149575	-8.802343	80.255280
			*MESH_VERTEX  361	10.800462	-6.773453	78.682625
			*MESH_VERTEX  362	15.162756	-7.420479	73.481506
			*MESH_VERTEX  363	13.905312	-9.344677	73.691498
			*MESH_VERTEX  364	11.700810	-7.428370	73.493088
			*MESH_VERTEX  365	20.739870	12.340459	104.760597
			*MESH_VERTEX  366	11.998434	-4.094856	77.330444
			*MESH_VERTEX  367	-26.681555	7.156967	83.359650
			*MESH_VERTEX  368	-23.375416	8.318786	83.167191
			*MESH_VERTEX  369	-19.922888	4.872669	84.255760
			*MESH_VERTEX  370	-27.843103	1.946413	84.443298
			*MESH_VERTEX  371	-24.925226	-1.390370	85.565590
			*MESH_VERTEX  372	-20.147928	-1.069976	85.779167
			*MESH_VERTEX  373	-22.315247	6.508926	75.255630
			*MESH_VERTEX  374	-14.147372	-0.713737	80.432465
			*MESH_VERTEX  375	-29.181248	1.249364	74.119644
			*MESH_VERTEX  376	-23.493971	-6.633511	76.069214
			*MESH_VERTEX  377	-19.769403	-3.709915	78.337349
			*MESH_VERTEX  378	-23.590151	6.399287	79.686264
			*MESH_VERTEX  379	-17.218956	-4.071250	83.146255
			*MESH_VERTEX  380	-27.147413	6.048304	78.790070
