*3DSMAX_ASCIIEXPORT	108
*COMMENT " [Zengine ASC Exporter v1.08] AsciiExport Version  1,08 - Tue May 06 13:02:58 2003"
*SCENE {
	*SCENE_FILENAME "Raven_01.max"
	*SCENE_FIRSTFRAME 0
	*SCENE_LASTFRAME 100
	*SCENE_FRAMESPEED 25
	*SCENE_TICKSPERFRAME 192
	*SCENE_BACKGROUND_STATIC 0.000000	0.000000	0.000000
	*SCENE_AMBIENT_STATIC 0.600000	0.600000	0.600000
}
*MATERIAL_LIST {
	*MATERIAL_COUNT 1
	*MATERIAL 0 {
		*MATERIAL_NAME "Pal-Ruestung"
		*MATERIAL_CLASS "Standard"
		*MATERIAL_AMBIENT 0.435294	0.486275	0.533333
		*MATERIAL_DIFFUSE 0.592157	0.611765	0.623529
		*MATERIAL_SPECULAR 0.827451	0.827451	0.827451
		*MATERIAL_SHINE 0.220000
		*MATERIAL_SHINESTRENGTH 0.000000
		*MATERIAL_TRANSPARENCY 0.000000
		*MATERIAL_WIRESIZE 1.000000
		*MATERIAL_SHADING Blinn
		*MATERIAL_XP_FALLOFF 0.000000
		*MATERIAL_SELFILLUM 0.000000
		*MATERIAL_FALLOFF In
		*MATERIAL_XP_TYPE Filter
		*MAP_DIFFUSE {
			*MAP_NAME "Map #8"
			*MAP_CLASS "Bitmap"
			*MAP_SUBNO 1
			*MAP_AMOUNT 1.000000
			*BITMAP "Raven.tga"
			*MAP_TYPE Screen
			*UVW_U_OFFSET 0.000000
			*UVW_V_OFFSET 0.000000
			*UVW_U_TILING 1.000000
			*UVW_V_TILING 1.000000
			*UVW_ANGLE 0.000000
			*UVW_BLUR 1.000000
			*UVW_BLUR_OFFSET 0.000000
			*UVW_NOUSE_AMT 1.000000
			*UVW_NOISE_SIZE 1.000000
			*UVW_NOISE_LEVEL 1
			*UVW_NOISE_PHASE 0.000000
			*BITMAP_FILTER Pyramidal
		}
		*MAP_BUMP {
			*MAP_NAME "Map #8"
			*MAP_CLASS "Bitmap"
			*MAP_SUBNO 8
			*MAP_AMOUNT 0.200000
			*BITMAP "Raven.tga"
			*MAP_TYPE Screen
			*UVW_U_OFFSET 0.000000
			*UVW_V_OFFSET 0.000000
			*UVW_U_TILING 1.000000
			*UVW_V_TILING 1.000000
			*UVW_ANGLE 0.000000
			*UVW_BLUR 1.000000
			*UVW_BLUR_OFFSET 0.000000
			*UVW_NOUSE_AMT 1.000000
			*UVW_NOISE_SIZE 1.000000
			*UVW_NOISE_LEVEL 1
			*UVW_NOISE_PHASE 0.000000
			*BITMAP_FILTER Pyramidal
		}
	}
}
*GEOMOBJECT {
	*NODE_NAME "Bip01"
	*NODE_TM {
		*NODE_NAME "Bip01"
		*TM_ROW0 0.024624	-0.993774	0.108663
		*TM_ROW1 0.999693	0.024771	-0.000000
		*TM_ROW2 -0.002692	0.108630	0.994079
		*TM_ROW3 0.143697	6.203871	100.712463
		*TM_POS 0.143697	6.203871	100.712463
		*TM_ROTAXIS 0.054328	0.055691	0.996969
		*TM_ROTANGLE 1.549058
		*TM_SCALE 1.000000	1.000000	1.000000
		*TM_SCALEAXIS 0.000000	-0.950111	0.311912
		*TM_SCALEAXISANG 0.065194
	}
	*WIREFRAME_COLOR 0.650980	0.792157	0.941177
}
*GEOMOBJECT {
	*NODE_NAME "Bip01 Footsteps"
	*NODE_PARENT "Bip01"
	*NODE_TM {
		*NODE_NAME "Bip01 Footsteps"
		*TM_ROW0 1.000000	0.000000	0.000000
		*TM_ROW1 0.000000	1.000000	0.000000
		*TM_ROW2 0.000000	0.000000	1.000000
		*TM_ROW3 0.143697	6.203871	-0.144161
		*TM_POS 0.143697	6.203871	-0.144161
		*TM_ROTAXIS 0.000000	0.000000	0.000000
		*TM_ROTANGLE 0.000000
		*TM_SCALE 1.000000	1.000000	1.000000
		*TM_SCALEAXIS 0.000000	0.000000	0.000000
		*TM_SCALEAXISANG 0.000000
	}
	*WIREFRAME_COLOR 0.650980	0.792157	0.941177
}
*GEOMOBJECT {
	*NODE_NAME "Bip01 Pelvis"
	*NODE_PARENT "Bip01"
	*NODE_TM {
		*NODE_NAME "Bip01 Pelvis"
		*TM_ROW0 -0.022491	0.108118	0.993884
		*TM_ROW1 0.024625	-0.993774	0.108663
		*TM_ROW2 0.999444	0.026919	0.019688
		*TM_ROW3 -0.138431	7.773397	100.540184
		*TM_POS -0.138431	7.773397	100.540184
		*TM_ROTAXIS -0.698797	-0.047531	-0.713740
		*TM_ROTANGLE 3.083070
		*TM_SCALE 1.000000	1.000000	1.000000
		*TM_SCALEAXIS 0.556063	0.716392	-0.421399
		*TM_SCALEAXISANG 0.033849
	}
	*WIREFRAME_COLOR 0.878431	0.776471	0.341176
}
*GEOMOBJECT {
	*NODE_NAME "Bip01 Spine"
	*NODE_PARENT "Bip01 Pelvis"
	*NODE_TM {
		*NODE_NAME "Bip01 Spine"
		*TM_ROW0 0.010153	-0.006162	0.999930
		*TM_ROW1 0.019719	-0.999785	-0.006361
		*TM_ROW2 0.999754	0.019782	-0.010029
		*TM_ROW3 -0.147048	8.122774	102.917503
		*TM_POS -0.147048	8.122774	102.917503
		*TM_ROTAXIS -0.710658	-0.004769	-0.703522
		*TM_ROTANGLE 3.159987
		*TM_SCALE 1.000000	1.000000	1.000000
		*TM_SCALEAXIS -0.000002	0.398138	0.917325
		*TM_SCALEAXISANG 0.027979
	}
	*WIREFRAME_COLOR 0.031373	0.431373	0.525490
}
*GEOMOBJECT {
	*NODE_NAME "Bip01 Spine1"
	*NODE_PARENT "Bip01 Spine"
	*NODE_TM {
		*NODE_NAME "Bip01 Spine1"
		*TM_ROW0 0.011512	-0.001294	0.999933
		*TM_ROW1 0.019101	-0.999816	-0.001514
		*TM_ROW2 0.999751	0.019117	-0.011485
		*TM_ROW3 -0.047471	8.072402	112.744026
		*TM_POS -0.047471	8.072402	112.744026
		*TM_ROTAXIS -0.711147	-0.006260	-0.703016
		*TM_ROTANGLE 3.156098
		*TM_SCALE 1.000000	1.000000	1.000000
		*TM_SCALEAXIS -0.709059	0.294908	0.640520
		*TM_SCALEAXISANG 0.028884
	}
	*WIREFRAME_COLOR 0.031373	0.431373	0.525490
}
*GEOMOBJECT {
	*NODE_NAME "Bip01 Spine2"
	*NODE_PARENT "Bip01 Spine1"
	*NODE_TM {
		*NODE_NAME "Bip01 Spine2"
		*TM_ROW0 0.011255	0.156123	0.987674
		*TM_ROW1 0.010597	-0.987699	0.156006
		*TM_ROW2 0.999880	0.008710	-0.012771
		*TM_ROW3 0.099506	8.079427	125.529243
		*TM_POS 0.099506	8.079427	125.529243
		*TM_ROTAXIS -0.710135	-0.058852	-0.701602
		*TM_ROTANGLE 3.037696
		*TM_SCALE 1.000000	1.000000	1.000000
		*TM_SCALEAXIS -0.047405	-0.001144	-0.998875
		*TM_SCALEAXISANG 0.126527
	}
	*WIREFRAME_COLOR 0.031373	0.431373	0.525490
}
*GEOMOBJECT {
	*NODE_NAME "Bip01 Neck"
	*NODE_PARENT "Bip01 Spine2"
	*NODE_TM {
		*NODE_NAME "Bip01 Neck"
		*TM_ROW0 0.014202	-0.191106	0.981467
		*TM_ROW1 0.006108	-0.981531	-0.191207
		*TM_ROW2 0.999880	0.008710	-0.012772
		*TM_ROW3 0.436950	12.765956	155.144714
		*TM_POS 0.436950	12.765956	155.144714
		*TM_ROTAXIS -0.710378	0.065431	-0.700773
		*TM_ROTANGLE 3.282773
		*TM_SCALE 1.000000	1.000000	1.000000
		*TM_SCALEAXIS -0.802024	0.597291	0.000000
		*TM_SCALEAXISANG 0.011227
	}
	*WIREFRAME_COLOR 0.031373	0.431373	0.525490
}
*GEOMOBJECT {
	*NODE_NAME "Bip01 L Clavicle"
	*NODE_PARENT "Bip01 Neck"
	*NODE_TM {
		*NODE_NAME "Bip01 L Clavicle"
		*TM_ROW0 0.964511	0.054777	-0.258299
		*TM_ROW1 -0.097366	0.983090	-0.155092
		*TM_ROW2 0.245436	0.174737	0.953535
		*TM_ROW3 8.313409	14.433426	149.355362
		*TM_POS 8.313409	14.433426	149.355362
		*TM_ROTAXIS 0.531096	-0.811123	-0.244982
		*TM_ROTANGLE 0.315737
		*TM_SCALE 1.000000	1.000000	1.000000
		*TM_SCALEAXIS -0.000000	0.891429	0.453159
		*TM_SCALEAXISANG 0.207456
	}
	*WIREFRAME_COLOR 0.109804	0.109804	0.694118
}
*GEOMOBJECT {
	*NODE_NAME "Bip01 L UpperArm"
	*NODE_PARENT "Bip01 L Clavicle"
	*NODE_TM {
		*NODE_NAME "Bip01 L UpperArm"
		*TM_ROW0 0.111290	-0.034231	-0.993198
		*TM_ROW1 0.334842	0.942261	0.005044
		*TM_ROW2 0.935679	-0.333126	0.116326
		*TM_ROW3 21.166485	15.163379	145.913254
		*TM_POS 21.166485	15.163379	145.913254
		*TM_ROTAXIS -0.169698	-0.967937	0.185206
		*TM_ROTANGLE 1.485755
		*TM_SCALE 1.000000	1.000000	1.000000
		*TM_SCALEAXIS 0.733991	-0.679159	0.000000
		*TM_SCALEAXISANG 0.331690
	}
	*WIREFRAME_COLOR 0.109804	0.109804	0.694118
}
*GEOMOBJECT {
	*NODE_NAME "Bip01 L Forearm"
	*NODE_PARENT "Bip01 L UpperArm"
	*NODE_TM {
		*NODE_NAME "Bip01 L Forearm"
		*TM_ROW0 -0.036279	-0.418752	-0.907376
		*TM_ROW1 0.350982	0.844792	-0.403903
		*TM_ROW2 0.935679	-0.333126	0.116326
		*TM_ROW3 24.272169	14.208124	118.196846
		*TM_POS 24.272169	14.208124	118.196846
		*TM_ROTAXIS 0.035414	-0.922179	0.385139
		*TM_ROTANGLE 1.608386
		*TM_SCALE 1.000000	1.000000	1.000000
		*TM_SCALEAXIS -0.000000	-0.024691	-0.999695
		*TM_SCALEAXISANG 0.177314
	}
	*WIREFRAME_COLOR 0.109804	0.109804	0.694118
}
*GEOMOBJECT {
	*NODE_NAME "Bip01 L Hand"
	*NODE_PARENT "Bip01 L Forearm"
	*NODE_TM {
		*NODE_NAME "Bip01 L Hand"
		*TM_ROW0 -0.114926	-0.479701	-0.869873
		*TM_ROW1 -0.936279	0.344905	-0.066502
		*TM_ROW2 0.331925	0.806800	-0.488773
		*TM_ROW3 23.263020	2.559988	92.957001
		*TM_POS 23.263020	2.559988	92.957001
		*TM_ROTAXIS 0.561910	-0.773274	-0.293776
		*TM_ROTANGLE 2.251573
		*TM_SCALE 1.000000	1.000000	1.000000
		*TM_SCALEAXIS 0.000000	0.000000	0.000000
		*TM_SCALEAXISANG 0.000000
	}
	*WIREFRAME_COLOR 0.109804	0.109804	0.694118
}
*GEOMOBJECT {
	*NODE_NAME "Bip01 L Finger0"
	*NODE_PARENT "Bip01 L Hand"
	*NODE_TM {
		*NODE_NAME "Bip01 L Finger0"
		*TM_ROW0 -0.114926	-0.479701	-0.869873
		*TM_ROW1 -0.936543	0.344263	-0.066113
		*TM_ROW2 0.331179	0.807075	-0.488826
		*TM_ROW3 21.783936	-3.613698	81.761864
		*TM_POS 21.783936	-3.613698	81.761864
		*TM_ROTAXIS 0.562040	-0.773074	-0.294053
		*TM_ROTANGLE 2.252021
		*TM_SCALE 1.000000	1.000000	1.000000
		*TM_SCALEAXIS 0.000000	0.000000	0.000000
		*TM_SCALEAXISANG 0.000000
	}
	*WIREFRAME_COLOR 0.525490	0.023529	0.023529
}
*HELPEROBJECT {
	*NODE_NAME "Dummy02"
	*NODE_PARENT "Bip01 L Finger0"
	*HELPER_CLASS "Dummy"
	*NODE_TM {
		*NODE_NAME "Dummy02"
		*TM_ROW0 -0.114926	-0.479701	-0.869873
		*TM_ROW1 -0.936543	0.344263	-0.066113
		*TM_ROW2 0.331179	0.807075	-0.488826
		*TM_ROW3 21.525059	-4.694252	79.802429
		*TM_POS 21.525059	-4.694252	79.802429
		*TM_ROTAXIS 0.562040	-0.773074	-0.294053
		*TM_ROTANGLE 2.252021
		*TM_SCALE 1.000000	1.000000	1.000000
		*TM_SCALEAXIS 0.000000	0.000000	0.000000
		*TM_SCALEAXISANG 0.000000
	}
	*BOUNDINGBOX_MIN 20.768009	-5.522706	79.163353
	*BOUNDINGBOX_MAX 22.282108	-3.865797	80.441505
}
*GEOMOBJECT {
	*NODE_NAME "Bip01 R Clavicle"
	*NODE_PARENT "Bip01 Neck"
	*NODE_TM {
		*NODE_NAME "Bip01 R Clavicle"
		*TM_ROW0 -0.962686	0.061330	-0.263580
		*TM_ROW1 0.105599	0.981902	-0.157215
		*TM_ROW2 0.249168	-0.179182	-0.951740
		*TM_ROW3 -7.612657	14.294642	149.558777
		*TM_POS -7.612657	14.294642	149.558777
		*TM_ROTAXIS -0.042645	-0.995387	0.085939
		*TM_ROTANGLE 2.881094
		*TM_SCALE 1.000000	1.000000	1.000000
		*TM_SCALEAXIS -0.000000	-0.924683	0.380737
		*TM_SCALEAXISANG 0.236588
	}
	*WIREFRAME_COLOR 0.023529	0.525490	0.023529
}
*GEOMOBJECT {
	*NODE_NAME "Bip01 R UpperArm"
	*NODE_PARENT "Bip01 R Clavicle"
	*NODE_TM {
		*NODE_NAME "Bip01 R UpperArm"
		*TM_ROW0 -0.160603	-0.093218	-0.982607
		*TM_ROW1 -0.499574	0.866271	-0.000528
		*TM_ROW2 0.851253	0.490801	-0.185695
		*TM_ROW3 -20.441412	15.111931	146.046310
		*TM_POS -20.441412	15.111931	146.046310
		*TM_ROTAXIS 0.253061	-0.944540	-0.209296
		*TM_ROTANGLE 1.813176
		*TM_SCALE 1.000000	1.000000	1.000000
		*TM_SCALEAXIS -0.871560	0.490289	-0.000000
		*TM_SCALEAXISANG 0.419043
	}
	*WIREFRAME_COLOR 0.023529	0.525490	0.023529
}
*GEOMOBJECT {
	*NODE_NAME "Bip01 R Forearm"
	*NODE_PARENT "Bip01 R UpperArm"
	*NODE_TM {
		*NODE_NAME "Bip01 R Forearm"
		*TM_ROW0 -0.032168	-0.304398	-0.952002
		*TM_ROW1 -0.523768	0.816368	-0.243332
		*TM_ROW2 0.851253	0.490801	-0.185695
		*TM_ROW3 -24.923227	12.510579	118.625450
		*TM_POS -24.923227	12.510579	118.625450
		*TM_ROTAXIS 0.374694	-0.920363	-0.111964
		*TM_ROTANGLE 1.772917
		*TM_SCALE 1.000000	1.000000	1.000000
		*TM_SCALEAXIS -0.999850	0.017327	0.000000
		*TM_SCALEAXISANG 0.551391
	}
	*WIREFRAME_COLOR 0.023529	0.525490	0.023529
}
*GEOMOBJECT {
	*NODE_NAME "Bip01 R Hand"
	*NODE_PARENT "Bip01 R Forearm"
	*NODE_TM {
		*NODE_NAME "Bip01 R Hand"
		*TM_ROW0 0.081071	-0.391256	-0.916704
		*TM_ROW1 0.854658	0.500506	-0.138035
		*TM_ROW2 0.512823	-0.772278	0.374966
		*TM_ROW3 -25.818008	4.043343	92.144279
		*TM_POS -25.818008	4.043343	92.144279
		*TM_ROTAXIS -0.317196	-0.714932	0.623104
		*TM_ROTANGLE 1.592526
		*TM_SCALE 1.000000	1.000000	1.000000
		*TM_SCALEAXIS -0.983827	-0.000000	0.179119
		*TM_SCALEAXISANG 0.374560
	}
	*WIREFRAME_COLOR 0.023529	0.525490	0.023529
}
*GEOMOBJECT {
	*NODE_NAME "Bip01 R Finger0"
	*NODE_PARENT "Bip01 R Hand"
	*NODE_TM {
		*NODE_NAME "Bip01 R Finger0"
		*TM_ROW0 0.081071	-0.391256	-0.916704
		*TM_ROW1 0.855066	0.499891	-0.137737
		*TM_ROW2 0.512142	-0.772676	0.375076
		*TM_ROW3 -24.774632	-0.992060	80.346428
		*TM_POS -24.774632	-0.992060	80.346428
		*TM_ROTAXIS -0.317546	-0.714596	0.623311
		*TM_ROTANGLE 1.592779
		*TM_SCALE 1.000000	1.000000	1.000000
		*TM_SCALEAXIS -0.902341	-0.000001	0.431022
		*TM_SCALEAXISANG 0.212112
	}
	*WIREFRAME_COLOR 0.878431	0.776471	0.341176
}
*HELPEROBJECT {
	*NODE_NAME "Dummy01"
	*NODE_PARENT "Bip01 R Finger0"
	*HELPER_CLASS "Dummy"
	*NODE_TM {
		*NODE_NAME "Dummy01"
		*TM_ROW0 0.081071	-0.391256	-0.916704
		*TM_ROW1 0.855066	0.499891	-0.137737
		*TM_ROW2 -0.512142	0.772676	-0.375076
		*TM_ROW3 -24.592014	-1.873384	78.281502
		*TM_POS -24.592014	-1.873384	78.281502
		*TM_ROTAXIS -0.570588	0.253553	-0.781114
		*TM_ROTANGLE 2.217981
		*TM_SCALE 1.000000	1.000000	1.000000
		*TM_SCALEAXIS 0.902341	0.000001	0.431022
		*TM_SCALEAXISANG 0.212112
	}
	*BOUNDINGBOX_MIN -25.392378	-2.736903	77.648560
	*BOUNDINGBOX_MAX -23.791651	-1.009866	78.914444
}
*GEOMOBJECT {
	*NODE_NAME "Bip01 Head"
	*NODE_PARENT "Bip01 Neck"
	*NODE_TM {
		*NODE_NAME "Bip01 Head"
		*TM_ROW0 -0.010611	0.002218	0.999941
		*TM_ROW1 -0.042484	-0.999096	0.001765
		*TM_ROW2 0.999041	-0.042462	0.010696
		*TM_ROW3 0.534079	11.458941	161.857178
		*TM_POS 0.534079	11.458941	161.857178
		*TM_ROTAXIS -0.703256	0.014318	-0.710792
		*TM_ROTANGLE 3.110143
		*TM_SCALE 1.000000	1.000000	1.000000
		*TM_SCALEAXIS 0.000001	0.622385	0.782711
		*TM_SCALEAXISANG 0.065543
	}
	*WIREFRAME_COLOR 0.694118	0.580392	0.101961
}
*HELPEROBJECT {
	*NODE_NAME "Dummy05"
	*NODE_PARENT "Bip01 Head"
	*HELPER_CLASS "Dummy"
	*NODE_TM {
		*NODE_NAME "Dummy05"
		*TM_ROW0 -0.010611	0.002218	0.999941
		*TM_ROW1 -0.042484	-0.999096	0.001765
		*TM_ROW2 0.999041	-0.042462	0.010696
		*TM_ROW3 0.295055	11.508893	184.381409
		*TM_POS 0.295055	11.508893	184.381409
		*TM_ROTAXIS -0.703256	0.014318	-0.710792
		*TM_ROTANGLE 3.110143
		*TM_SCALE 1.000000	1.000000	1.000000
		*TM_SCALEAXIS 0.000001	0.622385	0.782711
		*TM_SCALEAXISANG 0.065543
	}
	*BOUNDINGBOX_MIN -2.667437	8.569941	181.530792
	*BOUNDINGBOX_MAX 3.257547	14.447845	187.232025
}
*GEOMOBJECT {
	*NODE_NAME "Bip01 L Thigh"
	*NODE_PARENT "Bip01 Spine"
	*NODE_TM {
		*NODE_NAME "Bip01 L Thigh"
		*TM_ROW0 0.111032	-0.016613	-0.993678
		*TM_ROW1 0.055193	-0.998214	0.022856
		*TM_ROW2 -0.992283	-0.057382	-0.109917
		*TM_ROW3 8.866776	8.015921	100.717567
		*TM_POS 8.866776	8.015921	100.717567
		*TM_ROTAXIS -0.745113	-0.012954	0.666812
		*TM_ROTANGLE 3.087724
		*TM_SCALE 1.000000	1.000000	1.000000
		*TM_SCALEAXIS -0.280213	0.959938	-0.000000
		*TM_SCALEAXISANG 0.094917
	}
	*WIREFRAME_COLOR 0.109804	0.109804	0.694118
}
*GEOMOBJECT {
	*NODE_NAME "Bip01 L Calf"
	*NODE_PARENT "Bip01 L Thigh"
	*NODE_TM {
		*NODE_NAME "Bip01 L Calf"
		*TM_ROW0 0.099884	0.155329	-0.982800
		*TM_ROW1 0.073468	-0.986195	-0.148399
		*TM_ROW2 -0.992283	-0.057382	-0.109917
		*TM_ROW3 13.235309	7.362297	61.621471
		*TM_POS 13.235309	7.362297	61.621471
		*TM_ROTAXIS -0.741294	-0.077234	0.666722
		*TM_ROTANGLE 3.203022
		*TM_SCALE 1.000000	1.000000	1.000000
		*TM_SCALEAXIS -0.688289	0.725436	-0.000000
		*TM_SCALEAXISANG 0.133409
	}
	*WIREFRAME_COLOR 0.109804	0.109804	0.694118
}
*GEOMOBJECT {
	*NODE_NAME "Bip01 L Foot"
	*NODE_PARENT "Bip01 L Calf"
	*NODE_TM {
		*NODE_NAME "Bip01 L Foot"
		*TM_ROW0 -0.000836	0.033979	-0.999422
		*TM_ROW1 0.139869	-0.989594	-0.033762
		*TM_ROW2 -0.990170	-0.139816	-0.003926
		*TM_ROW3 18.139380	14.988587	13.368279
		*TM_POS 18.139380	14.988587	13.368279
		*TM_ROTAXIS -0.706311	-0.061621	0.705215
		*TM_ROTANGLE 3.066446
		*TM_SCALE 1.000000	1.000000	1.000000
		*TM_SCALEAXIS 0.000001	0.104015	-0.994576
		*TM_SCALEAXISANG 0.065195
	}
	*WIREFRAME_COLOR 0.109804	0.109804	0.694118
}
*GEOMOBJECT {
	*NODE_NAME "Bip01 L Toe0"
	*NODE_PARENT "Bip01 L Foot"
	*NODE_TM {
		*NODE_NAME "Bip01 L Toe0"
		*TM_ROW0 0.139869	-0.989594	-0.033762
		*TM_ROW1 0.000836	-0.033979	0.999422
		*TM_ROW2 -0.990170	-0.139816	-0.003926
		*TM_ROW3 21.295992	-6.990570	-0.015653
		*TM_POS 21.295992	-6.990570	-0.015653
		*TM_ROTAXIS -0.637498	0.535190	0.554228
		*TM_ROTANGLE 2.036462
		*TM_SCALE 1.000000	1.000000	1.000000
		*TM_SCALEAXIS 0.104015	-0.000001	-0.994576
		*TM_SCALEAXISANG 0.065195
	}
	*WIREFRAME_COLOR 0.423529	0.031373	0.533333
}
*HELPEROBJECT {
	*NODE_NAME "Dummy04"
	*NODE_PARENT "Bip01 L Toe0"
	*HELPER_CLASS "Dummy"
	*NODE_TM {
		*NODE_NAME "Dummy04"
		*TM_ROW0 0.139869	-0.989594	-0.033762
		*TM_ROW1 0.000836	-0.033979	0.999422
		*TM_ROW2 0.990170	0.139816	0.003926
		*TM_ROW3 21.485029	-8.328039	-0.061283
		*TM_POS 21.485029	-8.328039	-0.061283
		*TM_ROTAXIS -0.516645	-0.615408	0.595273
		*TM_ROTANGLE 4.124137
		*TM_SCALE 1.000000	1.000000	1.000000
		*TM_SCALEAXIS -0.104015	0.000001	-0.994576
		*TM_SCALEAXISANG 0.065195
	}
	*BOUNDINGBOX_MIN 21.118679	-8.609674	-0.407902
	*BOUNDINGBOX_MAX 21.851379	-8.046405	0.285336
}
*GEOMOBJECT {
	*NODE_NAME "Bip01 R Thigh"
	*NODE_PARENT "Bip01 Spine"
	*NODE_TM {
		*NODE_NAME "Bip01 R Thigh"
		*TM_ROW0 -0.123957	0.013520	-0.992196
		*TM_ROW1 -0.071559	-0.997425	-0.004651
		*TM_ROW2 -0.989704	0.070424	0.124605
		*TM_ROW3 -9.143637	7.530865	100.362801
		*TM_POS -9.143637	7.530865	100.362801
		*TM_ROTAXIS 0.661490	-0.021953	-0.749633
		*TM_ROTANGLE 3.084815
		*TM_SCALE 1.000000	1.000000	1.000000
		*TM_SCALEAXIS 0.656527	-0.672231	-0.342167
		*TM_SCALEAXISANG 0.114467
	}
	*WIREFRAME_COLOR 0.023529	0.525490	0.023529
}
*GEOMOBJECT {
	*NODE_NAME "Bip01 R Calf"
	*NODE_PARENT "Bip01 R Thigh"
	*NODE_TM {
		*NODE_NAME "Bip01 R Calf"
		*TM_ROW0 -0.113836	0.140419	-0.983526
		*TM_ROW1 -0.086761	-0.987584	-0.130956
		*TM_ROW2 -0.989704	0.070424	0.124605
		*TM_ROW3 -14.020700	8.062794	61.325039
		*TM_POS -14.020700	8.062794	61.325039
		*TM_ROTAXIS 0.663201	0.020345	-0.748165
		*TM_ROTANGLE 2.989179
		*TM_SCALE 1.000000	1.000000	1.000000
		*TM_SCALEAXIS 0.000000	0.562868	-0.826547
		*TM_SCALEAXISANG 0.184729
	}
	*WIREFRAME_COLOR 0.023529	0.525490	0.023529
}
*GEOMOBJECT {
	*NODE_NAME "Bip01 R Foot"
	*NODE_PARENT "Bip01 R Calf"
	*NODE_TM {
		*NODE_NAME "Bip01 R Foot"
		*TM_ROW0 -0.018489	0.022570	-0.999574
		*TM_ROW1 -0.089770	-0.995745	-0.020823
		*TM_ROW2 -0.995791	0.089347	0.020437
		*TM_ROW3 -19.609768	14.957039	13.036191
		*TM_POS -19.609768	14.957039	13.036191
		*TM_ROTAXIS 0.699975	-0.024038	-0.713763
		*TM_ROTANGLE 3.062815
		*TM_SCALE 1.000000	1.000000	1.000000
		*TM_SCALEAXIS 0.000000	-0.306103	-0.951998
		*TM_SCALEAXISANG 0.105878
	}
	*WIREFRAME_COLOR 0.023529	0.525490	0.023529
}
*GEOMOBJECT {
	*NODE_NAME "Bip01 R Toe0"
	*NODE_PARENT "Bip01 R Foot"
	*NODE_TM {
		*NODE_NAME "Bip01 R Toe0"
		*TM_ROW0 -0.089770	-0.995745	-0.020823
		*TM_ROW1 0.018489	-0.022570	0.999574
		*TM_ROW2 -0.995791	0.089347	0.020437
		*TM_ROW3 -21.875971	-7.305439	-0.056689
		*TM_POS -21.875971	-7.305439	-0.056689
		*TM_ROTAXIS 0.543214	-0.581850	-0.605284
		*TM_ROTANGLE 4.134864
		*TM_SCALE 1.000000	1.000000	1.000000
		*TM_SCALEAXIS -0.306103	-0.000001	-0.951998
		*TM_SCALEAXISANG 0.105878
	}
	*WIREFRAME_COLOR 0.443137	0.525490	0.023529
}
*HELPEROBJECT {
	*NODE_NAME "Dummy03"
	*NODE_PARENT "Bip01 R Toe0"
	*HELPER_CLASS "Dummy"
	*NODE_TM {
		*NODE_NAME "Dummy03"
		*TM_ROW0 -0.089770	-0.995745	-0.020823
		*TM_ROW1 0.018489	-0.022570	0.999574
		*TM_ROW2 -0.995791	0.089347	0.020437
		*TM_ROW3 -21.997299	-8.651220	-0.084833
		*TM_POS -21.997299	-8.651220	-0.084833
		*TM_ROTAXIS 0.543214	-0.581850	-0.605284
		*TM_ROTANGLE 4.134864
		*TM_SCALE 1.000000	1.000000	1.000000
		*TM_SCALEAXIS -0.306103	-0.000001	-0.951998
		*TM_SCALEAXISANG 0.105878
	}
	*BOUNDINGBOX_MIN -22.360229	-8.913332	-0.434168
	*BOUNDINGBOX_MAX -21.634369	-8.389109	0.264503
}
*GEOMOBJECT {
	*NODE_NAME "zm_Raven"
	*NODE_TM {
		*NODE_NAME "zm_Raven"
		*TM_ROW0 1.000000	0.000000	0.000000
		*TM_ROW1 0.000000	1.000000	0.000000
		*TM_ROW2 0.000000	0.000000	1.000000
		*TM_ROW3 0.000004	3.741303	83.406830
		*TM_POS 0.000004	3.741303	83.406830
		*TM_ROTAXIS 0.000000	0.000000	0.000000
		*TM_ROTANGLE 0.000000
		*TM_SCALE 1.000000	1.000000	1.000000
		*TM_SCALEAXIS 0.000000	0.000000	0.000000
		*TM_SCALEAXISANG 0.000000
	}
	*MATERIAL_REF 0
	*MESH_SOFTSKIN {
		*TIMEVALUE 0
		*MESH_NUMVERTEX 647
		*MESH_NUMFACES 1184
		*MESH_VERTEX_LIST {
			*MESH_VERTEX    0	15.152334	16.200922	136.536621
			*MESH_VERTEX    1	20.789053	7.414134	139.183304
			*MESH_VERTEX    2	16.528669	9.382420	114.412941
			*MESH_VERTEX    3	0.023787	-6.326821	114.716560
			*MESH_VERTEX    4	9.989565	-1.849877	115.191452
			*MESH_VERTEX    5	17.005104	-0.141425	147.515366
			*MESH_VERTEX    6	15.332141	8.008794	157.749222
			*MESH_VERTEX    7	0.524159	-0.135474	153.068649
			*MESH_VERTEX    8	0.429789	-8.646766	137.263107
			*MESH_VERTEX    9	22.756947	11.371555	124.977798
			*MESH_VERTEX   10	0.345355	-8.808944	125.072380
			*MESH_VERTEX   11	14.862671	-2.815859	125.123138
			*MESH_VERTEX   12	24.554712	5.273995	134.610428
			*MESH_VERTEX   13	16.216927	-3.761037	136.932556
			*MESH_VERTEX   14	0.470121	11.383340	161.082748
			*MESH_VERTEX   15	13.857657	4.704162	153.877060
			*MESH_VERTEX   16	0.540500	-8.149159	148.046707
			*MESH_VERTEX   17	14.212773	14.468349	159.889664
			*MESH_VERTEX   18	0.453271	3.448195	149.896149
			*MESH_VERTEX   19	0.178101	3.016149	161.588333
			*MESH_VERTEX   20	7.907864	8.069792	156.345001
			*MESH_VERTEX   21	9.681151	16.165401	156.907852
			*MESH_VERTEX   22	4.736010	5.164442	162.622543
			*MESH_VERTEX   23	7.011598	8.952245	164.943848
			*MESH_VERTEX   24	4.246889	-7.602401	105.470627
			*MESH_VERTEX   25	15.083852	-2.231084	105.628464
			*MESH_VERTEX   26	20.027296	10.540213	105.711929
			*MESH_VERTEX   27	9.018232	-13.023570	79.174973
			*MESH_VERTEX   28	19.394264	-6.418300	79.825142
			*MESH_VERTEX   29	27.341288	10.668602	82.701180
			*MESH_VERTEX   30	6.606256	-9.986919	92.774498
			*MESH_VERTEX   31	17.267931	-5.509972	93.072815
			*MESH_VERTEX   32	23.490667	9.709976	92.659966
			*MESH_VERTEX   33	5.851923	-8.441536	91.343552
			*MESH_VERTEX   34	14.938132	-3.567042	92.005424
			*MESH_VERTEX   35	20.623451	7.331534	92.138725
			*MESH_VERTEX   36	8.149378	-10.399940	73.432755
			*MESH_VERTEX   37	18.446152	-5.110542	76.185837
			*MESH_VERTEX   38	24.214314	8.559517	77.956261
			*MESH_VERTEX   39	-0.104862	6.344673	79.166527
			*MESH_VERTEX   40	-3.413163	-7.938331	105.417892
			*MESH_VERTEX   41	-7.451493	-10.490762	73.142319
			*MESH_VERTEX   42	-5.110603	-8.752417	91.074097
			*MESH_VERTEX   43	-17.460489	-6.393194	76.003410
			*MESH_VERTEX   44	-24.469646	6.066984	77.631027
			*MESH_VERTEX   45	-14.391250	-4.434443	91.567810
			*MESH_VERTEX   46	-20.808777	6.119734	91.763313
			*MESH_VERTEX   47	-16.244020	8.712392	114.706055
			*MESH_VERTEX   48	-10.167517	-2.657610	114.628716
			*MESH_VERTEX   49	-14.800624	-3.100190	105.166710
			*MESH_VERTEX   50	-20.659845	9.431549	105.621506
			*MESH_VERTEX   51	-8.162632	-13.780921	79.068893
			*MESH_VERTEX   52	-18.881721	-7.721241	79.662132
			*MESH_VERTEX   53	-27.687847	9.034060	82.246620
			*MESH_VERTEX   54	-5.783283	-10.412602	92.657967
			*MESH_VERTEX   55	-16.757748	-6.527639	92.864845
			*MESH_VERTEX   56	-23.512787	8.367032	92.444984
			*MESH_VERTEX   57	-15.235159	15.918341	135.978882
			*MESH_VERTEX   58	-19.587177	7.256424	139.527252
			*MESH_VERTEX   59	-16.081467	-0.446971	147.944000
			*MESH_VERTEX   60	-14.370244	7.792014	158.093689
			*MESH_VERTEX   61	-22.354393	10.741174	125.542343
			*MESH_VERTEX   62	-14.035755	-3.244072	125.472900
			*MESH_VERTEX   63	-23.524061	4.753050	135.243134
			*MESH_VERTEX   64	-15.466928	-4.100904	137.349228
			*MESH_VERTEX   65	-12.545360	4.370696	154.385239
			*MESH_VERTEX   66	-13.242537	14.238620	160.243530
			*MESH_VERTEX   67	-6.999497	7.912798	156.554291
			*MESH_VERTEX   68	-8.859344	16.017817	157.166672
			*MESH_VERTEX   69	-4.202157	5.544360	162.526855
			*MESH_VERTEX   70	-6.197244	9.513689	164.802429
			*MESH_VERTEX   71	-0.309818	20.716101	114.198029
			*MESH_VERTEX   72	9.561431	18.641451	114.180237
			*MESH_VERTEX   73	0.068347	26.849136	137.443436
			*MESH_VERTEX   74	19.671627	19.961758	134.522812
			*MESH_VERTEX   75	0.343863	24.925968	156.788956
			*MESH_VERTEX   76	-0.129619	24.669731	124.956116
			*MESH_VERTEX   77	13.639091	22.705173	124.973862
			*MESH_VERTEX   78	16.321812	24.032541	136.862442
			*MESH_VERTEX   79	0.240752	27.129379	149.728409
			*MESH_VERTEX   80	0.414758	20.794722	160.821442
			*MESH_VERTEX   81	12.525582	19.317171	159.944382
			*MESH_VERTEX   82	9.573404	25.655396	153.535614
			*MESH_VERTEX   83	10.011147	23.835211	155.880936
			*MESH_VERTEX   84	0.715094	17.242815	167.912811
			*MESH_VERTEX   85	0.386905	20.485493	157.589813
			*MESH_VERTEX   86	5.946916	15.053841	167.121582
			*MESH_VERTEX   87	9.409463	26.579391	149.574341
			*MESH_VERTEX   88	-10.086375	18.239502	114.355827
			*MESH_VERTEX   89	-19.476561	19.555592	135.036118
			*MESH_VERTEX   90	-13.837067	22.337135	125.325851
			*MESH_VERTEX   91	-16.139532	23.710279	137.286285
			*MESH_VERTEX   92	-11.635083	19.112841	160.254349
			*MESH_VERTEX   93	-8.929173	25.503769	153.757019
			*MESH_VERTEX   94	-9.299251	23.672592	156.121933
			*MESH_VERTEX   95	-4.665482	15.504923	167.007965
			*MESH_VERTEX   96	-8.917908	26.417786	149.810303
			*MESH_VERTEX   97	14.947653	19.563608	104.424866
			*MESH_VERTEX   98	20.225668	22.277796	77.760025
			*MESH_VERTEX   99	18.629698	20.219227	90.960144
			*MESH_VERTEX  100	7.523105	28.098761	76.035278
			*MESH_VERTEX  101	5.770697	27.015055	88.891670
			*MESH_VERTEX  102	3.409729	24.769533	103.050385
			*MESH_VERTEX  103	17.394300	18.334053	90.832336
			*MESH_VERTEX  104	4.554223	27.380630	88.431961
			*MESH_VERTEX  105	-4.353880	24.586628	102.969444
			*MESH_VERTEX  106	-8.108951	24.051661	70.388390
			*MESH_VERTEX  107	-5.541442	26.972948	88.339966
			*MESH_VERTEX  108	6.824841	24.508474	70.547417
			*MESH_VERTEX  109	-15.855203	18.797459	104.347694
			*MESH_VERTEX  110	-21.155846	20.953325	77.101967
			*MESH_VERTEX  111	-19.648540	19.069265	90.433281
			*MESH_VERTEX  112	-8.769567	27.635704	75.647560
			*MESH_VERTEX  113	-6.989487	26.688490	88.811287
			*MESH_VERTEX  114	-18.308872	17.261948	90.364624
			*MESH_VERTEX  115	20.217634	19.476559	73.994186
			*MESH_VERTEX  116	-20.885010	18.033642	73.509117
			*MESH_VERTEX  117	-33.505573	12.804424	122.114059
			*MESH_VERTEX  118	-38.156860	22.461845	125.825943
			*MESH_VERTEX  119	-39.132374	15.838667	130.184113
			*MESH_VERTEX  120	-36.953377	10.349984	132.087433
			*MESH_VERTEX  121	-32.952297	7.040177	126.502167
			*MESH_VERTEX  122	-26.725744	5.886974	124.335762
			*MESH_VERTEX  123	-26.944902	6.028139	121.194901
			*MESH_VERTEX  124	-33.194218	6.605110	118.226860
			*MESH_VERTEX  125	-40.256718	7.351772	110.078987
			*MESH_VERTEX  126	-42.158943	13.921817	110.804451
			*MESH_VERTEX  127	-41.604538	22.063608	116.825073
			*MESH_VERTEX  128	-38.523804	12.853195	122.395943
			*MESH_VERTEX  129	-37.049583	10.627069	124.610268
			*MESH_VERTEX  130	-35.885674	8.367249	122.296082
			*MESH_VERTEX  131	-37.338722	10.473795	119.964996
			*MESH_VERTEX  132	-39.510212	9.225342	122.178017
			*MESH_VERTEX  133	-9.063961	2.068009	56.059292
			*MESH_VERTEX  134	-3.260045	16.785778	60.124855
			*MESH_VERTEX  135	-2.277965	11.584325	63.575329
			*MESH_VERTEX  136	-4.296986	4.616728	64.400040
			*MESH_VERTEX  137	-6.826227	1.992473	59.338951
			*MESH_VERTEX  138	-8.263929	3.646613	51.146839
			*MESH_VERTEX  139	-6.588897	8.399961	46.755070
			*MESH_VERTEX  140	-4.011383	15.357025	49.744942
			*MESH_VERTEX  141	-3.918006	18.228489	54.880318
			*MESH_VERTEX  142	-3.480934	9.921954	56.087692
			*MESH_VERTEX  143	-3.738251	6.516083	57.782173
			*MESH_VERTEX  144	-4.519796	4.253486	55.289623
			*MESH_VERTEX  145	-4.262031	7.662855	53.596657
			*MESH_VERTEX  146	-3.168651	6.950520	55.501404
			*MESH_VERTEX  147	-20.158991	2.200625	58.362305
			*MESH_VERTEX  148	-23.051603	17.063112	64.169540
			*MESH_VERTEX  149	-23.167154	11.923059	68.163269
			*MESH_VERTEX  150	-21.647581	5.039974	69.318413
			*MESH_VERTEX  151	-21.001076	2.137246	62.386742
			*MESH_VERTEX  152	-22.243670	3.664776	54.477394
			*MESH_VERTEX  153	-25.107296	8.437403	51.591995
			*MESH_VERTEX  154	-25.887604	15.399951	54.244926
			*MESH_VERTEX  155	-24.083073	18.384388	58.914661
			*MESH_VERTEX  156	-24.663807	10.080702	60.707169
			*MESH_VERTEX  157	-24.112087	6.692710	62.373997
			*MESH_VERTEX  158	-24.384943	4.353692	59.811508
			*MESH_VERTEX  159	-24.992657	8.653273	58.216999
			*MESH_VERTEX  160	-27.000637	7.261790	61.502625
			*MESH_VERTEX  161	-14.090918	12.310133	13.831894
			*MESH_VERTEX  162	-11.062600	19.541458	14.442696
			*MESH_VERTEX  163	-10.947025	17.590084	17.588898
			*MESH_VERTEX  164	-10.741414	14.040177	19.258102
			*MESH_VERTEX  165	-13.549066	11.139435	14.816895
			*MESH_VERTEX  166	-14.478904	9.853932	11.321487
			*MESH_VERTEX  167	-11.853214	11.862791	7.546707
			*MESH_VERTEX  168	-11.417805	16.797260	7.971695
			*MESH_VERTEX  169	-11.251967	19.369623	10.694633
			*MESH_VERTEX  170	-11.480036	14.957537	13.113441
			*MESH_VERTEX  171	-11.647788	13.521731	14.751747
			*MESH_VERTEX  172	-11.930855	12.972576	12.001427
			*MESH_VERTEX  173	-11.246879	13.091650	13.345039
			*MESH_VERTEX  174	-23.666292	13.258682	14.997398
			*MESH_VERTEX  175	-25.292048	20.632341	16.223892
			*MESH_VERTEX  176	-25.134180	18.749151	19.562462
			*MESH_VERTEX  177	-25.767401	15.334888	21.489861
			*MESH_VERTEX  178	-24.415462	12.663666	18.507660
			*MESH_VERTEX  179	-23.987350	10.909024	13.227554
			*MESH_VERTEX  180	-26.981760	12.955153	9.652206
			*MESH_VERTEX  181	-26.441420	17.853718	9.897774
			*MESH_VERTEX  182	-25.675989	20.507933	12.399040
			*MESH_VERTEX  183	-25.850792	16.034084	15.130577
			*MESH_VERTEX  184	-25.717241	14.622019	16.792023
			*MESH_VERTEX  185	-25.992100	14.606009	13.843132
			*MESH_VERTEX  186	-28.435867	14.684064	15.980537
			*MESH_VERTEX  187	-28.464695	0.471092	141.029709
			*MESH_VERTEX  188	-16.810884	32.404995	148.211075
			*MESH_VERTEX  189	-28.192785	30.717352	142.878235
			*MESH_VERTEX  190	-28.434959	15.138983	159.392151
			*MESH_VERTEX  191	-25.936340	4.236362	153.748611
			*MESH_VERTEX  192	-20.228058	-1.220215	141.533020
			*MESH_VERTEX  193	-19.920692	31.010754	137.373886
			*MESH_VERTEX  194	-26.194254	27.149635	157.476532
			*MESH_VERTEX  195	-38.519478	5.146740	143.136414
			*MESH_VERTEX  196	-39.252327	25.078501	144.190933
			*MESH_VERTEX  197	-36.571785	14.698588	154.749466
			*MESH_VERTEX  198	-32.468742	4.373839	148.045319
			*MESH_VERTEX  199	-43.956627	14.782408	145.235687
			*MESH_VERTEX  200	-33.606339	26.279875	151.441650
			*MESH_VERTEX  201	-15.685603	4.846153	155.390259
			*MESH_VERTEX  202	-17.907707	14.411700	162.642822
			*MESH_VERTEX  203	-15.595536	19.680944	163.052109
			*MESH_VERTEX  204	-17.780693	9.017785	160.135651
			*MESH_VERTEX  205	-11.796040	25.281433	158.414932
			*MESH_VERTEX  206	-10.810512	27.300018	154.359177
			*MESH_VERTEX  207	-12.716436	31.383251	140.948120
			*MESH_VERTEX  208	-15.705381	5.638176	167.961823
			*MESH_VERTEX  209	-4.064641	31.796242	151.637924
			*MESH_VERTEX  210	-14.463153	-0.693340	156.989487
			*MESH_VERTEX  211	-15.794081	-1.268121	156.778564
			*MESH_VERTEX  212	-16.244677	12.315171	171.437134
			*MESH_VERTEX  213	-14.685379	21.512211	172.152100
			*MESH_VERTEX  214	-16.457275	5.711602	167.725876
			*MESH_VERTEX  215	-13.883493	28.347208	167.882065
			*MESH_VERTEX  216	-12.716347	28.126442	168.148956
			*MESH_VERTEX  217	-13.736062	21.151581	172.340927
			*MESH_VERTEX  218	-15.175266	12.380840	171.727234
			*MESH_VERTEX  219	-3.548894	31.372574	151.872467
			*MESH_VERTEX  220	-9.477882	32.368179	158.899994
			*MESH_VERTEX  221	-16.194410	0.558439	160.839264
			*MESH_VERTEX  222	-17.187544	0.346722	160.542694
			*MESH_VERTEX  223	-8.595553	32.024426	159.191177
			*MESH_VERTEX  224	-31.956135	-3.650617	154.553909
			*MESH_VERTEX  225	-29.932058	5.373873	149.127167
			*MESH_VERTEX  226	-29.080513	6.514007	151.500854
			*MESH_VERTEX  227	-26.796061	4.942640	151.421600
			*MESH_VERTEX  228	-27.648500	3.802332	149.048706
			*MESH_VERTEX  229	-40.045372	13.702971	161.629486
			*MESH_VERTEX  230	-33.055019	15.138600	153.430573
			*MESH_VERTEX  231	-31.771902	17.011110	154.810471
			*MESH_VERTEX  232	-30.053486	15.229650	156.107391
			*MESH_VERTEX  233	-31.517246	13.268993	154.551666
			*MESH_VERTEX  234	-34.017265	32.620541	159.025452
			*MESH_VERTEX  235	-31.341314	25.532701	152.433319
			*MESH_VERTEX  236	-29.239485	27.224623	152.393250
			*MESH_VERTEX  237	-27.646713	26.260046	155.033249
			*MESH_VERTEX  238	-30.408241	24.411121	154.698563
			*MESH_VERTEX  239	-29.853708	7.407292	90.370117
			*MESH_VERTEX  240	-26.067177	8.240495	90.601570
			*MESH_VERTEX  241	-21.179951	5.292416	93.626823
			*MESH_VERTEX  242	-29.018538	2.768620	91.792404
			*MESH_VERTEX  243	-26.034781	-0.107831	93.484642
			*MESH_VERTEX  244	-22.080956	0.229220	95.027359
			*MESH_VERTEX  245	-35.805733	17.272390	111.931953
			*MESH_VERTEX  246	-30.753155	21.907612	110.227768
			*MESH_VERTEX  247	-20.936136	14.047978	112.095779
			*MESH_VERTEX  248	-24.358864	20.732534	110.683334
			*MESH_VERTEX  249	-30.901215	4.945958	114.639999
			*MESH_VERTEX  250	-26.966541	4.993872	113.595886
			*MESH_VERTEX  251	-21.356699	8.219269	112.415863
			*MESH_VERTEX  252	-35.955849	10.626918	112.785675
			*MESH_VERTEX  253	-33.777382	18.205460	122.453629
			*MESH_VERTEX  254	-30.263762	22.032635	122.614273
			*MESH_VERTEX  255	-21.743549	15.383267	118.828529
			*MESH_VERTEX  256	-25.549164	20.836016	121.455444
			*MESH_VERTEX  257	-34.154156	11.769464	123.254593
			*MESH_VERTEX  258	-25.506475	8.232040	120.152145
			*MESH_VERTEX  259	-21.036222	10.297191	118.978539
			*MESH_VERTEX  260	-33.430317	17.163614	119.526169
			*MESH_VERTEX  261	-30.337904	20.726175	119.044037
			*MESH_VERTEX  262	-25.262047	20.625015	118.538750
			*MESH_VERTEX  263	-34.048157	11.569991	120.360374
			*MESH_VERTEX  264	-24.140051	5.620985	144.461441
			*MESH_VERTEX  265	-31.016243	23.139202	144.749435
			*MESH_VERTEX  266	-19.973394	22.854641	139.862076
			*MESH_VERTEX  267	-21.679663	6.134037	143.537659
			*MESH_VERTEX  268	-34.675529	11.062620	145.835251
			*MESH_VERTEX  269	-23.231386	28.610367	141.463364
			*MESH_VERTEX  270	-25.422337	1.462275	133.040482
			*MESH_VERTEX  271	-37.615086	18.545120	133.581543
			*MESH_VERTEX  272	-20.297031	24.608591	134.376556
			*MESH_VERTEX  273	-18.498302	16.189959	134.185699
			*MESH_VERTEX  274	-17.237598	6.423881	132.272812
			*MESH_VERTEX  275	-20.094223	11.146509	133.731216
			*MESH_VERTEX  276	-37.756268	7.984733	134.483521
			*MESH_VERTEX  277	-30.375080	26.450996	133.183151
			*MESH_VERTEX  278	-25.112322	6.609879	124.695778
			*MESH_VERTEX  279	-19.164951	17.116737	125.683907
			*MESH_VERTEX  280	-18.639328	10.215666	124.710762
			*MESH_VERTEX  281	-24.161144	6.963147	81.321220
			*MESH_VERTEX  282	-15.123890	1.015748	88.817474
			*MESH_VERTEX  283	-30.901793	0.710089	81.681732
			*MESH_VERTEX  284	-23.595615	-7.440084	85.418777
			*MESH_VERTEX  285	-19.954205	-5.468489	85.704079
			*MESH_VERTEX  286	-26.258018	6.869785	86.124481
			*MESH_VERTEX  287	-18.704411	-2.753582	91.017555
			*MESH_VERTEX  288	-30.177753	5.997142	84.763428
			*MESH_VERTEX  289	-16.636534	-2.110342	79.021645
			*MESH_VERTEX  290	-23.965143	4.700880	76.611206
			*MESH_VERTEX  291	-19.849739	-6.666964	79.581581
			*MESH_VERTEX  292	-28.170364	1.313315	76.517441
			*MESH_VERTEX  293	-16.230869	-5.088226	87.096085
			*MESH_VERTEX  294	-14.279489	-2.090501	85.179375
			*MESH_VERTEX  295	-18.511549	-5.170590	79.480850
			*MESH_VERTEX  296	-16.175713	-6.463783	78.761948
			*MESH_VERTEX  297	-15.004398	-3.429076	77.963081
			*MESH_VERTEX  298	-15.976615	-0.348725	83.868034
			*MESH_VERTEX  299	-11.330969	-4.876366	56.894768
			*MESH_VERTEX  300	-18.320850	-4.562882	57.417885
			*MESH_VERTEX  301	-6.592180	16.820457	48.306416
			*MESH_VERTEX  302	-13.299801	15.730242	19.156036
			*MESH_VERTEX  303	-23.591133	13.822701	19.941483
			*MESH_VERTEX  304	-24.165216	17.172449	50.196342
			*MESH_VERTEX  305	-15.086193	22.117680	18.193497
			*MESH_VERTEX  306	-15.017312	23.349579	50.111546
			*MESH_VERTEX  307	-20.376549	8.478594	19.709259
			*MESH_VERTEX  308	-23.248913	8.542305	50.475998
			*MESH_VERTEX  309	-7.477816	10.512064	48.657761
			*MESH_VERTEX  310	-16.043674	8.981459	19.364212
			*MESH_VERTEX  311	-13.112843	16.171007	12.678047
			*MESH_VERTEX  312	-25.142239	16.714836	14.270897
			*MESH_VERTEX  313	-18.288286	23.501934	13.612534
			*MESH_VERTEX  314	-19.261740	7.280088	14.375168
			*MESH_VERTEX  315	-19.057394	6.510303	83.533455
			*MESH_VERTEX  316	-13.303250	16.602133	81.939621
			*MESH_VERTEX  317	-0.475435	6.942703	80.989342
			*MESH_VERTEX  318	-5.883666	-3.602720	81.834564
			*MESH_VERTEX  319	-14.921936	-2.689917	82.783134
			*MESH_VERTEX  320	-5.488450	15.491008	81.062263
			*MESH_VERTEX  321	-22.206701	7.115985	59.780746
			*MESH_VERTEX  322	-17.622383	16.715689	61.997814
			*MESH_VERTEX  323	-9.856775	16.371040	60.718193
			*MESH_VERTEX  324	-4.881412	7.592835	57.864063
			*MESH_VERTEX  325	-9.362166	-5.371945	64.784241
			*MESH_VERTEX  326	-18.785723	-5.038607	65.755615
			*MESH_VERTEX  327	-11.835729	0.013842	49.368359
			*MESH_VERTEX  328	-19.789597	0.141024	50.389656
			*MESH_VERTEX  329	-20.411753	22.409885	18.475540
			*MESH_VERTEX  330	-18.615393	-2.508559	65.774612
			*MESH_VERTEX  331	-9.165138	-2.877115	65.076126
			*MESH_VERTEX  332	-15.414990	0.910602	8.178352
			*MESH_VERTEX  333	-19.360708	-10.639408	5.280571
			*MESH_VERTEX  334	-19.583338	-11.940603	-0.294952
			*MESH_VERTEX  335	-27.311752	-5.540143	-0.074707
			*MESH_VERTEX  336	-24.945347	2.004680	8.327751
			*MESH_VERTEX  337	-25.709551	19.927303	-1.039207
			*MESH_VERTEX  338	-15.578279	18.921181	-1.237579
			*MESH_VERTEX  339	-15.476714	-9.251237	-0.645668
			*MESH_VERTEX  340	-29.039371	3.684735	-0.848267
			*MESH_VERTEX  341	-19.446190	23.487276	0.863945
			*MESH_VERTEX  342	-12.035789	1.042179	-0.714462
			*MESH_VERTEX  343	32.926933	16.030630	121.050476
			*MESH_VERTEX  344	36.169228	26.573555	125.091431
			*MESH_VERTEX  345	38.493584	19.693266	129.067474
			*MESH_VERTEX  346	37.653690	13.744637	130.576355
			*MESH_VERTEX  347	33.729820	10.117861	125.234177
			*MESH_VERTEX  348	27.669420	7.944981	123.441910
			*MESH_VERTEX  349	27.611050	8.208387	120.484444
			*MESH_VERTEX  350	33.350742	9.737798	117.176971
			*MESH_VERTEX  351	40.311493	11.089541	109.850052
			*MESH_VERTEX  352	40.972538	17.948269	109.974434
			*MESH_VERTEX  353	39.237492	26.557184	114.095146
			*MESH_VERTEX  354	37.863831	16.971640	120.965538
			*MESH_VERTEX  355	36.977959	14.459665	123.251068
			*MESH_VERTEX  356	36.061695	12.085553	120.904076
			*MESH_VERTEX  357	36.923321	14.322767	118.351692
			*MESH_VERTEX  358	39.456787	13.574549	120.527962
			*MESH_VERTEX  359	8.990550	3.035283	56.456726
			*MESH_VERTEX  360	2.470140	17.469791	60.460835
			*MESH_VERTEX  361	1.744287	12.218665	63.941399
			*MESH_VERTEX  362	4.107381	5.359550	64.757408
			*MESH_VERTEX  363	6.761479	2.868457	59.704128
			*MESH_VERTEX  364	8.117640	4.530085	51.548084
			*MESH_VERTEX  365	6.219343	9.151333	47.114311
			*MESH_VERTEX  366	3.305836	16.006760	50.030159
			*MESH_VERTEX  367	3.067414	18.917561	55.147423
			*MESH_VERTEX  368	3.031781	10.607872	56.430851
			*MESH_VERTEX  369	3.453670	7.227982	58.146793
			*MESH_VERTEX  370	4.345701	4.991178	55.673237
			*MESH_VERTEX  371	3.923761	8.371686	53.957481
			*MESH_VERTEX  372	2.864990	7.617471	55.865021
			*MESH_VERTEX  373	20.065069	3.723762	58.756271
			*MESH_VERTEX  374	22.220093	18.722946	64.538803
			*MESH_VERTEX  375	22.591948	13.590130	68.526306
			*MESH_VERTEX  376	21.416691	6.638871	69.673424
			*MESH_VERTEX  377	20.913717	3.715896	62.738350
			*MESH_VERTEX  378	22.077192	5.255602	54.881775
			*MESH_VERTEX  379	24.708885	10.134518	51.960930
			*MESH_VERTEX  380	25.149254	17.150375	54.545071
			*MESH_VERTEX  381	23.196648	20.083080	59.198399
			*MESH_VERTEX  382	24.178230	11.826826	61.060165
			*MESH_VERTEX  383	23.794289	8.421261	62.731190
			*MESH_VERTEX  384	24.180389	6.088866	60.191387
			*MESH_VERTEX  385	24.578159	10.399851	58.577740
			*MESH_VERTEX  386	26.650225	9.129328	61.866596
			*MESH_VERTEX  387	13.537967	13.136499	14.097412
			*MESH_VERTEX  388	9.977320	19.938404	14.754326
			*MESH_VERTEX  389	10.142158	18.030212	17.932434
			*MESH_VERTEX  390	10.244196	14.520379	19.639435
			*MESH_VERTEX  391	13.192750	11.756237	15.210587
			*MESH_VERTEX  392	14.080338	10.594120	11.628387
			*MESH_VERTEX  393	11.357288	12.458289	7.852158
			*MESH_VERTEX  394	10.622814	17.320711	8.289642
			*MESH_VERTEX  395	10.239908	19.845755	10.975433
			*MESH_VERTEX  396	10.829019	15.421744	13.467499
			*MESH_VERTEX  397	11.137396	14.021076	15.124237
			*MESH_VERTEX  398	11.386518	13.576540	12.315536
